 0.000000
 0.000000
 0.000000
 0.000000
 1.445644
 1.445644
 1.445644
 1.445644
 1.445644
 1.445644
 1.445644
 1.445644
 1.441216
 1.441216
 1.441216
 1.441216
 1.441216
 1.441216
 1.441216
 1.441216
 1.437008
 1.437008
 1.437008
 1.437008
 1.437008
 1.437008
 1.437008
 1.437008
 1.429530
 1.429530
 1.429530
 1.429530
 1.429530
 1.429530
 1.429530
 1.429530
 1.425602
 1.425602
 1.425602
 1.425602
 1.425602
 1.425602
 1.425602
 1.425602
 1.421749
 1.421749
 1.421749
 1.421749
 1.421749
 1.421749
 1.421749
 1.421749
 1.417864
 1.417864
 1.417864
 1.417864
 1.417864
 1.417864
 1.417864
 1.417864
 1.414338
 1.414338
 1.414338
 1.414338
 1.414338
 1.414338
 1.414338
 1.414338
 1.410686
 1.410686
 1.410686
 1.410686
 1.410686
 1.410686
 1.410686
 1.410686
 1.407204
 1.407204
 1.407204
 1.407204
 1.407204
 1.407204
 1.407204
 1.407204
 1.403759
 1.403759
 1.403759
 1.403759
 1.403759
 1.403759
 1.403759
 1.403759
 1.400547
 1.400547
 1.400547
 1.400547
 1.400547
 1.400547
 1.400547
 1.400547
 1.397304
 1.397304
 1.397304
 1.397304
 1.397304
 1.397304
 1.397304
 1.397304
 1.394105
 1.394105
 1.394105
 1.394105
 1.394105
 1.394105
 1.394105
 1.394105
 1.391113
 1.391113
 1.391113
 1.391113
 1.391113
 1.391113
 1.391113
 1.391113
 1.388194
 1.388194
 1.388194
 1.388194
 1.388194
 1.388194
 1.388194
 1.388194
 1.385213
 1.385213
 1.385213
 1.385213
 1.385213
 1.385213
 1.385213
 1.385213
 1.382435
 1.382435
 1.382435
 1.382435
 1.382435
 1.382435
 1.382435
 1.382435
 1.379619
 1.379619
 1.379619
 1.379619
 1.379619
 1.379619
 1.379619
 1.379619
 1.376907
 1.376907
 1.376907
 1.376907
 1.376907
 1.376907
 1.376907
 1.376907
 1.374252
 1.374252
 1.374252
 1.374252
 1.374252
 1.374252
 1.374252
 1.374252
 1.371728
 1.371728
 1.371728
 1.371728
 1.371728
 1.371728
 1.371728
 1.371728
 1.369217
 1.369217
 1.369217
 1.369217
 1.369217
 1.369217
 1.369217
 1.369217
 1.366827
 1.366827
 1.366827
 1.366827
 1.366827
 1.366827
 1.366827
 1.366827
 1.364418
 1.364418
 1.364418
 1.364418
 1.364418
 1.364418
 1.364418
 1.364418
 1.362181
 1.362181
 1.362181
 1.362181
 1.362181
 1.362181
 1.362181
 1.362181
 1.359885
 1.359885
 1.359885
 1.359885
 1.359885
 1.359885
 1.359885
 1.359885
 1.357638
 1.357638
 1.357638
 1.357638
 1.357638
 1.357638
 1.357638
 1.357638
 1.354651
 1.354651
 1.354651
 1.354651
 1.354651
 1.354651
 1.354651
 1.354651
 1.352767
 1.352767
 1.352767
 1.352767
 1.352767
 1.352767
 1.352767
 1.352767
 1.350756
 1.350756
 1.350756
 1.350756
 1.350756
 1.350756
 1.350756
 1.350756
 1.348846
 1.348846
 1.348846
 1.348846
 1.348846
 1.348846
 1.348846
 1.348846
 1.347061
 1.347061
 1.347061
 1.347061
 1.347061
 1.347061
 1.347061
 1.347061
 1.344008
 1.344008
 1.344008
 1.344008
 1.344008
 1.344008
 1.344008
 1.344008
 1.342283
 1.342283
 1.342283
 1.342283
 1.342283
 1.342283
 1.342283
 1.342283
 1.340611
 1.340611
 1.340611
 1.340611
 1.340611
 1.340611
 1.340611
 1.340611
 1.338968
 1.338968
 1.338968
 1.338968
 1.338968
 1.338968
 1.338968
 1.338968
 1.337381
 1.337381
 1.337381
 1.337381
 1.337381
 1.337381
 1.337381
 1.337381
 1.335800
 1.335800
 1.335800
 1.335800
 1.335800
 1.335800
 1.335800
 1.335800
 1.334305
 1.334305
 1.334305
 1.334305
 1.334305
 1.334305
 1.334305
 1.334305
 1.332758
 1.332758
 1.332758
 1.332758
 1.332758
 1.332758
 1.332758
 1.332758
 1.331431
 1.331431
 1.331431
 1.331431
 1.331431
 1.331431
 1.331431
 1.331431
 1.329762
 1.329762
 1.329762
 1.329762
 1.329762
 1.329762
 1.329762
 1.329762
 1.328677
 1.328677
 1.328677
 1.328677
 1.328677
 1.328677
 1.328677
 1.328677
 1.327329
 1.327329
 1.327329
 1.327329
 1.327329
 1.327329
 1.327329
 1.327329
 1.325974
 1.325974
 1.325974
 1.325974
 1.325974
 1.325974
 1.325974
 1.325974
 1.324767
 1.324767
 1.324767
 1.324767
 1.324767
 1.324767
 1.324767
 1.324767
 1.323524
 1.323524
 1.323524
 1.323524
 1.323524
 1.323524
 1.323524
 1.323524
 1.322315
 1.322315
 1.322315
 1.322315
 1.322315
 1.322315
 1.322315
 1.322315
 1.321213
 1.321213
 1.321213
 1.321213
 1.321213
 1.321213
 1.321213
 1.321213
 1.319998
 1.319998
 1.319998
 1.319998
 1.319998
 1.319998
 1.319998
 1.319998
 1.318965
 1.318965
 1.318965
 1.318965
 1.318965
 1.318965
 1.318965
 1.318965
 1.317859
 1.317859
 1.317859
 1.317859
 1.317859
 1.317859
 1.317859
 1.317859
 1.316785
 1.316785
 1.316785
 1.316785
 1.316785
 1.316785
 1.316785
 1.316785
 1.315767
 1.315767
 1.315767
 1.315767
 1.315767
 1.315767
 1.315767
 1.315767
 1.314687
 1.314687
 1.314687
 1.314687
 1.314687
 1.314687
 1.314687
 1.314687
 1.313756
 1.313756
 1.313756
 1.313756
 1.313756
 1.313756
 1.313756
 1.313756
 1.312799
 1.312799
 1.312799
 1.312799
 1.312799
 1.312799
 1.312799
 1.312799
 1.311844
 1.311844
 1.311844
 1.311844
 1.311844
 1.311844
 1.311844
 1.311844
 1.310973
 1.310973
 1.310973
 1.310973
 1.310973
 1.310973
 1.310973
 1.310973
 1.310022
 1.310022
 1.310022
 1.310022
 1.310022
 1.310022
 1.310022
 1.310022
 1.309128
 1.309128
 1.309128
 1.309128
 1.309128
 1.309128
 1.309128
 1.309128
 1.308351
 1.308351
 1.308351
 1.308351
 1.308351
 1.308351
 1.308351
 1.308351
 1.307532
 1.307532
 1.307532
 1.307532
 1.307532
 1.307532
 1.307532
 1.307532
 1.306677
 1.306677
 1.306677
 1.306677
 1.306677
 1.306677
 1.306677
 1.306677
 1.305938
 1.305938
 1.305938
 1.305938
 1.305938
 1.305938
 1.305938
 1.305938
 1.305129
 1.305129
 1.305129
 1.305129
 1.305129
 1.305129
 1.305129
 1.305129
 1.304329
 1.304329
 1.304329
 1.304329
 1.304329
 1.304329
 1.304329
 1.304329
 1.303586
 1.303586
 1.303586
 1.303586
 1.303586
 1.303586
 1.303586
 1.303586
 1.302938
 1.302938
 1.302938
 1.302938
 1.302938
 1.302938
 1.302938
 1.302938
 1.302171
 1.302171
 1.302171
 1.302171
 1.302171
 1.302171
 1.302171
 1.302171
 1.301540
 1.301540
 1.301540
 1.301540
 1.301540
 1.301540
 1.301540
 1.301540
 1.300819
 1.300819
 1.300819
 1.300819
 1.300819
 1.300819
 1.300819
 1.300819
 1.300206
 1.300206
 1.300206
 1.300206
 1.300206
 1.300206
 1.300206
 1.300206
 1.299442
 1.299442
 1.299442
 1.299442
 1.299442
 1.299442
 1.299442
 1.299442
 1.298951
 1.298951
 1.298951
 1.298951
 1.298951
 1.298951
 1.298951
 1.298951
 1.298265
 1.298265
 1.298265
 1.298265
 1.298265
 1.298265
 1.298265
 1.298265
 1.297640
 1.297640
 1.297640
 1.297640
 1.297640
 1.297640
 1.297640
 1.297640
 1.296968
 1.296968
 1.296968
 1.296968
 1.296968
 1.296968
 1.296968
 1.296968
 1.296352
 1.296352
 1.296352
 1.296352
 1.296352
 1.296352
 1.296352
 1.296352
 1.295849
 1.295849
 1.295849
 1.295849
 1.295849
 1.295849
 1.295849
 1.295849
 1.295268
 1.295268
 1.295268
 1.295268
 1.295268
 1.295268
 1.295268
 1.295268
 1.294780
 1.294780
 1.294780
 1.294780
 1.294780
 1.294780
 1.294780
 1.294780
 1.294286
 1.294286
 1.294286
 1.294286
 1.294286
 1.294286
 1.294286
 1.294286
 1.293797
 1.293797
 1.293797
 1.293797
 1.293797
 1.293797
 1.293797
 1.293797
 1.293318
 1.293318
 1.293318
 1.293318
 1.293318
 1.293318
 1.293318
 1.293318
 1.292913
 1.292913
 1.292913
 1.292913
 1.292913
 1.292913
 1.292913
 1.292913
 1.292469
 1.292469
 1.292469
 1.292469
 1.292469
 1.292469
 1.292469
 1.292469
 1.291797
 1.291797
 1.291797
 1.291797
 1.291797
 1.291797
 1.291797
 1.291797
 1.291509
 1.291509
 1.291509
 1.291509
 1.291509
 1.291509
 1.291509
 1.291509
 1.291055
 1.291055
 1.291055
 1.291055
 1.291055
 1.291055
 1.291055
 1.291055
 1.290593
 1.290593
 1.290593
 1.290593
 1.290593
 1.290593
 1.290593
 1.290593
 1.290180
 1.290180
 1.290180
 1.290180
 1.290180
 1.290180
 1.290180
 1.290180
 1.289723
 1.289723
 1.289723
 1.289723
 1.289723
 1.289723
 1.289723
 1.289723
 1.289340
 1.289340
 1.289340
 1.289340
 1.289340
 1.289340
 1.289340
 1.289340
 1.289017
 1.289017
 1.289017
 1.289017
 1.289017
 1.289017
 1.289017
 1.289017
 1.288540
 1.288540
 1.288540
 1.288540
 1.288540
 1.288540
 1.288540
 1.288540
 1.288317
 1.288317
 1.288317
 1.288317
 1.288317
 1.288317
 1.288317
 1.288317
 1.287950
 1.287950
 1.287950
 1.287950
 1.287950
 1.287950
 1.287950
 1.287950
 1.287576
 1.287576
 1.287576
 1.287576
 1.287576
 1.287576
 1.287576
 1.287576
 1.287271
 1.287271
 1.287271
 1.287271
 1.287271
 1.287271
 1.287271
 1.287271
 1.286931
 1.286931
 1.286931
 1.286931
 1.286931
 1.286931
 1.286931
 1.286931
 1.286643
 1.286643
 1.286643
 1.286643
 1.286643
 1.286643
 1.286643
 1.286643
 1.286298
 1.286298
 1.286298
 1.286298
 1.286298
 1.286298
 1.286298
 1.286298
 1.286013
 1.286013
 1.286013
 1.286013
 1.286013
 1.286013
 1.286013
 1.286013
 1.285693
 1.285693
 1.285693
 1.285693
 1.285693
 1.285693
 1.285693
 1.285693
 1.285498
 1.285498
 1.285498
 1.285498
 1.285498
 1.285498
 1.285498
 1.285498
 1.285115
 1.285115
 1.285115
 1.285115
 1.285115
 1.285115
 1.285115
 1.285115
 1.284864
 1.284864
 1.284864
 1.284864
 1.284864
 1.284864
 1.284864
 1.284864
 1.284585
 1.284585
 1.284585
 1.284585
 1.284585
 1.284585
 1.284585
 1.284585
 1.284411
 1.284411
 1.284411
 1.284411
 1.284411
 1.284411
 1.284411
 1.284411
 1.284073
 1.284073
 1.284073
 1.284073
 1.284073
 1.284073
 1.284073
 1.284073
 1.283912
 1.283912
 1.283912
 1.283912
 1.283912
 1.283912
 1.283912
 1.283912
 1.283591
 1.283591
 1.283591
 1.283591
 1.283591
 1.283591
 1.283591
 1.283591
 1.283387
 1.283387
 1.283387
 1.283387
 1.283387
 1.283387
 1.283387
 1.283387
 1.283197
 1.283197
 1.283197
 1.283197
 1.283197
 1.283197
 1.283197
 1.283197
 1.283013
 1.283013
 1.283013
 1.283013
 1.283013
 1.283013
 1.283013
 1.283013
 1.282753
 1.282753
 1.282753
 1.282753
 1.282753
 1.282753
 1.282753
 1.282753
 1.282529
 1.282529
 1.282529
 1.282529
 1.282529
 1.282529
 1.282529
 1.282529
 1.282343
 1.282343
 1.282343
 1.282343
 1.282343
 1.282343
 1.282343
 1.282343
 1.282087
 1.282087
 1.282087
 1.282087
 1.282087
 1.282087
 1.282087
 1.282087
 1.281970
 1.281970
 1.281970
 1.281970
 1.281970
 1.281970
 1.281970
 1.281970
 1.281702
 1.281702
 1.281702
 1.281702
 1.281702
 1.281702
 1.281702
 1.281702
 1.281559
 1.281559
 1.281559
 1.281559
 1.281559
 1.281559
 1.281559
 1.281559
 1.281271
 1.281271
 1.281271
 1.281271
 1.281271
 1.281271
 1.281271
 1.281271
 1.280989
 1.280989
 1.280989
 1.280989
 1.280989
 1.280989
 1.280989
 1.280989
 1.280849
 1.280849
 1.280849
 1.280849
 1.280849
 1.280849
 1.280849
 1.280849
 1.280616
 1.280616
 1.280616
 1.280616
 1.280616
 1.280616
 1.280616
 1.280616
 1.280479
 1.280479
 1.280479
 1.280479
 1.280479
 1.280479
 1.280479
 1.280479
 1.280232
 1.280232
 1.280232
 1.280232
 1.280232
 1.280232
 1.280232
 1.280232
 1.280162
 1.280162
 1.280162
 1.280162
 1.280162
 1.280162
 1.280162
 1.280162
 1.279977
 1.279977
 1.279977
 1.279977
 1.279977
 1.279977
 1.279977
 1.279977
 1.279874
 1.279874
 1.279874
 1.279874
 1.279874
 1.279874
 1.279874
 1.279874
 1.279697
 1.279697
 1.279697
 1.279697
 1.279697
 1.279697
 1.279697
 1.279697
 1.279632
 1.279632
 1.279632
 1.279632
 1.279632
 1.279632
 1.279632
 1.279632
 1.279476
 1.279476
 1.279476
 1.279476
 1.279476
 1.279476
 1.279476
 1.279476
 1.279400
 1.279400
 1.279400
 1.279400
 1.279400
 1.279400
 1.279400
 1.279400
 1.279268
 1.279268
 1.279268
 1.279268
 1.279268
 1.279268
 1.279268
 1.279268
 1.278995
 1.278995
 1.278995
 1.278995
 1.278995
 1.278995
 1.278995
 1.278995
 1.278786
 1.278786
 1.278786
 1.278786
 1.278786
 1.278786
 1.278786
 1.278786
 1.278712
 1.278712
 1.278712
 1.278712
 1.278712
 1.278712
 1.278712
 1.278712
 1.278587
 1.278587
 1.278587
 1.278587
 1.278587
 1.278587
 1.278587
 1.278587
 1.278514
 1.278514
 1.278514
 1.278514
 1.278514
 1.278514
 1.278514
 1.278514
 1.278354
 1.278354
 1.278354
 1.278354
 1.278354
 1.278354
 1.278354
 1.278354
 1.278313
 1.278313
 1.278313
 1.278313
 1.278313
 1.278313
 1.278313
 1.278313
 1.278161
 1.278161
 1.278161
 1.278161
 1.278161
 1.278161
 1.278161
 1.278161
 1.278059
 1.278059
 1.278059
 1.278059
 1.278059
 1.278059
 1.278059
 1.278059
 1.277958
 1.277958
 1.277958
 1.277958
 1.277958
 1.277958
 1.277958
 1.277958
 1.277785
 1.277785
 1.277785
 1.277785
 1.277785
 1.277785
 1.277785
 1.277785
 1.277704
 1.277704
 1.277704
 1.277704
 1.277704
 1.277704
 1.277704
 1.277704
 1.277619
 1.277619
 1.277619
 1.277619
 1.277619
 1.277619
 1.277619
 1.277619
 1.277572
 1.277572
 1.277572
 1.277572
 1.277572
 1.277572
 1.277572
 1.277572
 1.277554
 1.277554
 1.277554
 1.277554
 1.277554
 1.277554
 1.277554
 1.277554
 1.277423
 1.277423
 1.277423
 1.277423
 1.277423
 1.277423
 1.277423
 1.277423
 1.277349
 1.277349
 1.277349
 1.277349
 1.277349
 1.277349
 1.277349
 1.277349
 1.277240
 1.277240
 1.277240
 1.277240
 1.277240
 1.277240
 1.277240
 1.277240
 1.277206
 1.277206
 1.277206
 1.277206
 1.277206
 1.277206
 1.277206
 1.277206
 1.277083
 1.277083
 1.277083
 1.277083
 1.277083
 1.277083
 1.277083
 1.277083
 1.277007
 1.277007
 1.277007
 1.277007
 1.277007
 1.277007
 1.277007
 1.277007
 1.276902
 1.276902
 1.276902
 1.276902
 1.276902
 1.276902
 1.276902
 1.276902
 1.276861
 1.276861
 1.276861
 1.276861
 1.276861
 1.276861
 1.276861
 1.276861
 1.276770
 1.276770
 1.276770
 1.276770
 1.276770
 1.276770
 1.276770
 1.276770
 1.276753
 1.276753
 1.276753
 1.276753
 1.276753
 1.276753
 1.276753
 1.276753
 1.276707
 1.276707
 1.276707
 1.276707
 1.276707
 1.276707
 1.276707
 1.276707
 1.276614
 1.276614
 1.276614
 1.276614
 1.276614
 1.276614
 1.276614
 1.276614
 1.276540
 1.276540
 1.276540
 1.276540
 1.276540
 1.276540
 1.276540
 1.276540
 1.276449
 1.276449
 1.276449
 1.276449
 1.276449
 1.276449
 1.276449
 1.276449
 1.276448
 1.276448
 1.276448
 1.276448
 1.276448
 1.276448
 1.276448
 1.276448
 1.276354
 1.276354
 1.276354
 1.276354
 1.276354
 1.276354
 1.276354
 1.276354
 1.276363
 1.276363
 1.276363
 1.276363
 1.276363
 1.276363
 1.276363
 1.276363
 1.276251
 1.276251
 1.276251
 1.276251
 1.276251
 1.276251
 1.276251
 1.276251
 1.276147
 1.276147
 1.276147
 1.276147
 1.276147
 1.276147
 1.276147
 1.276147
 1.275997
 1.275997
 1.275997
 1.275997
 1.275997
 1.275997
 1.275997
 1.275997
 1.275932
 1.275932
 1.275932
 1.275932
 1.275932
 1.275932
 1.275932
 1.275932
 1.275897
 1.275897
 1.275897
 1.275897
 1.275897
 1.275897
 1.275897
 1.275897
 1.275878
 1.275878
 1.275878
 1.275878
 1.275878
 1.275878
 1.275878
 1.275878
 1.275794
 1.275794
 1.275794
 1.275794
 1.275794
 1.275794
 1.275794
 1.275794
 1.275762
 1.275762
 1.275762
 1.275762
 1.275762
 1.275762
 1.275762
 1.275762
 1.275753
 1.275753
 1.275753
 1.275753
 1.275753
 1.275753
 1.275753
 1.275753
 1.275755
 1.275755
 1.275755
 1.275755
 1.275755
 1.275755
 1.275755
 1.275755
 1.275676
 1.275676
 1.275676
 1.275676
 1.275676
 1.275676
 1.275676
 1.275676
 1.275680
 1.275680
 1.275680
 1.275680
 1.275680
 1.275680
 1.275680
 1.275680
 1.275628
 1.275628
 1.275628
 1.275628
 1.275628
 1.275628
 1.275628
 1.275628
 1.275606
 1.275606
 1.275606
 1.275606
 1.275606
 1.275606
 1.275606
 1.275606
 1.275613
 1.275613
 1.275613
 1.275613
 1.275613
 1.275613
 1.275613
 1.275613
 1.275519
 1.275519
 1.275519
 1.275519
 1.275519
 1.275519
 1.275519
 1.275519
 1.275561
 1.275561
 1.275561
 1.275561
 1.275561
 1.275561
 1.275561
 1.275561
 1.275434
 1.275434
 1.275434
 1.275434
 1.275434
 1.275434
 1.275434
 1.275434
 1.275429
 1.275429
 1.275429
 1.275429
 1.275429
 1.275429
 1.275429
 1.275429
 1.275396
 1.275396
 1.275396
 1.275396
 1.275396
 1.275396
 1.275396
 1.275396
 1.275258
 1.275258
 1.275258
 1.275258
 1.275258
 1.275258
 1.275258
 1.275258
 1.275188
 1.275188
 1.275188
 1.275188
 1.275188
 1.275188
 1.275188
 1.275188
 1.275117
 1.275117
 1.275117
 1.275117
 1.275117
 1.275117
 1.275117
 1.275117
 1.274974
 1.274974
 1.274974
 1.274974
 1.274974
 1.274974
 1.274974
 1.274974
 1.275050
 1.275050
 1.275050
 1.275050
 1.275050
 1.275050
 1.275050
 1.275050
 1.275080
 1.275080
 1.275080
 1.275080
 1.275080
 1.275080
 1.275080
 1.275080
 1.275004
 1.275004
 1.275004
 1.275004
 1.275004
 1.275004
 1.275004
 1.275004
 1.274931
 1.274931
 1.274931
 1.274931
 1.274931
 1.274931
 1.274931
 1.274931
 1.274866
 1.274866
 1.274866
 1.274866
 1.274866
 1.274866
 1.274866
 1.274866
 1.274862
 1.274862
 1.274862
 1.274862
 1.274862
 1.274862
 1.274862
 1.274862
 1.274758
 1.274758
 1.274758
 1.274758
 1.274758
 1.274758
 1.274758
 1.274758
 1.274694
 1.274694
 1.274694
 1.274694
 1.274694
 1.274694
 1.274694
 1.274694
 1.274688
 1.274688
 1.274688
 1.274688
 1.274688
 1.274688
 1.274688
 1.274688
 1.274618
 1.274618
 1.274618
 1.274618
 1.274618
 1.274618
 1.274618
 1.274618
 1.274531
 1.274531
 1.274531
 1.274531
 1.274531
 1.274531
 1.274531
 1.274531
 1.274505
 1.274505
 1.274505
 1.274505
 1.274505
 1.274505
 1.274505
 1.274505
 1.274492
 1.274492
 1.274492
 1.274492
 1.274492
 1.274492
 1.274492
 1.274492
 1.274493
 1.274493
 1.274493
 1.274493
 1.274493
 1.274493
 1.274493
 1.274493
 1.274476
 1.274476
 1.274476
 1.274476
 1.274476
 1.274476
 1.274476
 1.274476
 1.274534
 1.274534
 1.274534
 1.274534
 1.274534
 1.274534
 1.274534
 1.274534
 1.274457
 1.274457
 1.274457
 1.274457
 1.274457
 1.274457
 1.274457
 1.274457
 1.274510
 1.274510
 1.274510
 1.274510
 1.274510
 1.274510
 1.274510
 1.274510
 1.274523
 1.274523
 1.274523
 1.274523
 1.274523
 1.274523
 1.274523
 1.274523
 1.274555
 1.274555
 1.274555
 1.274555
 1.274555
 1.274555
 1.274555
 1.274555
 1.274493
 1.274493
 1.274493
 1.274493
 1.274493
 1.274493
 1.274493
 1.274493
 1.274568
 1.274568
 1.274568
 1.274568
 1.274568
 1.274568
 1.274568
 1.274568
 1.274505
 1.274505
 1.274505
 1.274505
 1.274505
 1.274505
 1.274505
 1.274505
 1.274431
 1.274431
 1.274431
 1.274431
 1.274431
 1.274431
 1.274431
 1.274431
 1.274338
 1.274338
 1.274338
 1.274338
 1.274338
 1.274338
 1.274338
 1.274338
 1.274233
 1.274233
 1.274233
 1.274233
 1.274233
 1.274233
 1.274233
 1.274233
 1.274355
 1.274355
 1.274355
 1.274355
 1.274355
 1.274355
 1.274355
 1.274355
 1.274263
 1.274263
 1.274263
 1.274263
 1.274263
 1.274263
 1.274263
 1.274263
 1.274264
 1.274264
 1.274264
 1.274264
 1.274264
 1.274264
 1.274264
 1.274264
 1.274188
 1.274188
 1.274188
 1.274188
 1.274188
 1.274188
 1.274188
 1.274188
 1.274243
 1.274243
 1.274243
 1.274243
 1.274243
 1.274243
 1.274243
 1.274243
 1.274221
 1.274221
 1.274221
 1.274221
 1.274221
 1.274221
 1.274221
 1.274221
 1.274211
 1.274211
 1.274211
 1.274211
 1.274211
 1.274211
 1.274211
 1.274211
 1.274264
 1.274264
 1.274264
 1.274264
 1.274264
 1.274264
 1.274264
 1.274264
 1.274280
 1.274280
 1.274280
 1.274280
 1.274280
 1.274280
 1.274280
 1.274280
 1.274177
 1.274177
 1.274177
 1.274177
 1.274177
 1.274177
 1.274177
 1.274177
 1.274179
 1.274179
 1.274179
 1.274179
 1.274179
 1.274179
 1.274179
 1.274179
 1.274090
 1.274090
 1.274090
 1.274090
 1.274090
 1.274090
 1.274090
 1.274090
 1.274052
 1.274052
 1.274052
 1.274052
 1.274052
 1.274052
 1.274052
 1.274052
 1.274004
 1.274004
 1.274004
 1.274004
 1.274004
 1.274004
 1.274004
 1.274004
 1.273917
 1.273917
 1.273917
 1.273917
 1.273917
 1.273917
 1.273917
 1.273917
 1.273950
 1.273950
 1.273950
 1.273950
 1.273950
 1.273950
 1.273950
 1.273950
 1.274074
 1.274074
 1.274074
 1.274074
 1.274074
 1.274074
 1.274074
 1.274074
 1.273958
 1.273958
 1.273958
 1.273958
 1.273958
 1.273958
 1.273958
 1.273958
 1.273895
 1.273895
 1.273895
 1.273895
 1.273895
 1.273895
 1.273895
 1.273895
 1.273853
 1.273853
 1.273853
 1.273853
 1.273853
 1.273853
 1.273853
 1.273853
 1.273829
 1.273829
 1.273829
 1.273829
 1.273829
 1.273829
 1.273829
 1.273829
 1.273870
 1.273870
 1.273870
 1.273870
 1.273870
 1.273870
 1.273870
 1.273870
 1.273915
 1.273915
 1.273915
 1.273915
 1.273915
 1.273915
 1.273915
 1.273915
 1.273980
 1.273980
 1.273980
 1.273980
 1.273980
 1.273980
 1.273980
 1.273980
 1.273973
 1.273973
 1.273973
 1.273973
 1.273973
 1.273973
 1.273973
 1.273973
 1.274020
 1.274020
 1.274020
 1.274020
 1.274020
 1.274020
 1.274020
 1.274020
 1.274038
 1.274038
 1.274038
 1.274038
 1.274038
 1.274038
 1.274038
 1.274038
 1.274034
 1.274034
 1.274034
 1.274034
 1.274034
 1.274034
 1.274034
 1.274034
 1.274000
 1.274000
 1.274000
 1.274000
 1.274000
 1.274000
 1.274000
 1.274000
 1.274039
 1.274039
 1.274039
 1.274039
 1.274039
 1.274039
 1.274039
 1.274039
 1.274005
 1.274005
 1.274005
 1.274005
 1.274005
 1.274005
 1.274005
 1.274005
 1.273976
 1.273976
 1.273976
 1.273976
 1.273976
 1.273976
 1.273976
 1.273976
 1.273949
 1.273949
 1.273949
 1.273949
 1.273949
 1.273949
 1.273949
 1.273949
 1.273991
 1.273991
 1.273991
 1.273991
 1.273991
 1.273991
 1.273991
 1.273991
 1.274036
 1.274036
 1.274036
 1.274036
 1.274036
 1.274036
 1.274036
 1.274036
 1.274052
 1.274052
 1.274052
 1.274052
 1.274052
 1.274052
 1.274052
 1.274052
 1.274080
 1.274080
 1.274080
 1.274080
 1.274080
 1.274080
 1.274080
 1.274080
 1.274088
 1.274088
 1.274088
 1.274088
 1.274088
 1.274088
 1.274088
 1.274088
 1.274158
 1.274158
 1.274158
 1.274158
 1.274158
 1.274158
 1.274158
 1.274158
 1.274155
 1.274155
 1.274155
 1.274155
 1.274155
 1.274155
 1.274155
 1.274155
 1.274159
 1.274159
 1.274159
 1.274159
 1.274159
 1.274159
 1.274159
 1.274159
 1.274133
 1.274133
 1.274133
 1.274133
 1.274133
 1.274133
 1.274133
 1.274133
 1.274053
 1.274053
 1.274053
 1.274053
 1.274053
 1.274053
 1.274053
 1.274053
 1.273984
 1.273984
 1.273984
 1.273984
 1.273984
 1.273984
 1.273984
 1.273984
 1.273950
 1.273950
 1.273950
 1.273950
 1.273950
 1.273950
 1.273950
 1.273950
 1.273810
 1.273810
 1.273810
 1.273810
 1.273810
 1.273810
 1.273810
 1.273810
 1.273711
 1.273711
 1.273711
 1.273711
 1.273711
 1.273711
 1.273711
 1.273711
 1.273713
 1.273713
 1.273713
 1.273713
 1.273713
 1.273713
 1.273713
 1.273713
 1.273751
 1.273751
 1.273751
 1.273751
 1.273751
 1.273751
 1.273751
 1.273751
 1.273771
 1.273771
 1.273771
 1.273771
 1.273771
 1.273771
 1.273771
 1.273771
 1.273762
 1.273762
 1.273762
 1.273762
 1.273762
 1.273762
 1.273762
 1.273762
 1.273704
 1.273704
 1.273704
 1.273704
 1.273704
 1.273704
 1.273704
 1.273704
 1.273619
 1.273619
 1.273619
 1.273619
 1.273619
 1.273619
 1.273619
 1.273619
 1.273716
 1.273716
 1.273716
 1.273716
 1.273716
 1.273716
 1.273716
 1.273716
 1.273715
 1.273715
 1.273715
 1.273715
 1.273715
 1.273715
 1.273715
 1.273715
 1.273717
 1.273717
 1.273717
 1.273717
 1.273717
 1.273717
 1.273717
 1.273717
 1.273675
 1.273675
 1.273675
 1.273675
 1.273675
 1.273675
 1.273675
 1.273675
 1.273674
 1.273674
 1.273674
 1.273674
 1.273674
 1.273674
 1.273674
 1.273674
 1.273691
 1.273691
 1.273691
 1.273691
 1.273691
 1.273691
 1.273691
 1.273691
 1.273697
 1.273697
 1.273697
 1.273697
 1.273697
 1.273697
 1.273697
 1.273697
 1.273717
 1.273717
 1.273717
 1.273717
 1.273717
 1.273717
 1.273717
 1.273717
 1.273676
 1.273676
 1.273676
 1.273676
 1.273676
 1.273676
 1.273676
 1.273676
 1.273721
 1.273721
 1.273721
 1.273721
 1.273721
 1.273721
 1.273721
 1.273721
 1.273677
 1.273677
 1.273677
 1.273677
 1.273677
 1.273677
 1.273677
 1.273677
 1.273692
 1.273692
 1.273692
 1.273692
 1.273692
 1.273692
 1.273692
 1.273692
 1.273670
 1.273670
 1.273670
 1.273670
 1.273670
 1.273670
 1.273670
 1.273670
 1.273580
 1.273580
 1.273580
 1.273580
 1.273580
 1.273580
 1.273580
 1.273580
 1.273592
 1.273592
 1.273592
 1.273592
 1.273592
 1.273592
 1.273592
 1.273592
 1.273584
 1.273584
 1.273584
 1.273584
 1.273584
 1.273584
 1.273584
 1.273584
 1.273580
 1.273580
 1.273580
 1.273580
 1.273580
 1.273580
 1.273580
 1.273580
 1.273677
 1.273677
 1.273677
 1.273677
 1.273677
 1.273677
 1.273677
 1.273677
 1.273651
 1.273651
 1.273651
 1.273651
 1.273651
 1.273651
 1.273651
 1.273651
 1.273629
 1.273629
 1.273629
 1.273629
 1.273629
 1.273629
 1.273629
 1.273629
 1.273637
 1.273637
 1.273637
 1.273637
 1.273637
 1.273637
 1.273637
 1.273637
 1.273741
 1.273741
 1.273741
 1.273741
 1.273741
 1.273741
 1.273741
 1.273741
 1.273746
 1.273746
 1.273746
 1.273746
 1.273746
 1.273746
 1.273746
 1.273746
 1.273790
 1.273790
 1.273790
 1.273790
 1.273790
 1.273790
 1.273790
 1.273790
 1.273654
 1.273654
 1.273654
 1.273654
 1.273654
 1.273654
 1.273654
 1.273654
 1.273849
 1.273849
 1.273849
 1.273849
 1.273849
 1.273849
 1.273849
 1.273849
 1.273919
 1.273919
 1.273919
 1.273919
 1.273919
 1.273919
 1.273919
 1.273919
 1.273835
 1.273835
 1.273835
 1.273835
 1.273835
 1.273835
 1.273835
 1.273835
 1.273764
 1.273764
 1.273764
 1.273764
 1.273764
 1.273764
 1.273764
 1.273764
 1.273862
 1.273862
 1.273862
 1.273862
 1.273862
 1.273862
 1.273862
 1.273862
 1.273805
 1.273805
 1.273805
 1.273805
 1.273805
 1.273805
 1.273805
 1.273805
 1.273780
 1.273780
 1.273780
 1.273780
 1.273780
 1.273780
 1.273780
 1.273780
 1.273778
 1.273778
 1.273778
 1.273778
 1.273778
 1.273778
 1.273778
 1.273778
 1.273655
 1.273655
 1.273655
 1.273655
 1.273655
 1.273655
 1.273655
 1.273655
 1.273771
 1.273771
 1.273771
 1.273771
 1.273771
 1.273771
 1.273771
 1.273771
 1.273779
 1.273779
 1.273779
 1.273779
 1.273779
 1.273779
 1.273779
 1.273779
 1.273749
 1.273749
 1.273749
 1.273749
 1.273749
 1.273749
 1.273749
 1.273749
 1.273757
 1.273757
 1.273757
 1.273757
 1.273757
 1.273757
 1.273757
 1.273757
 1.273615
 1.273615
 1.273615
 1.273615
 1.273615
 1.273615
 1.273615
 1.273615
 1.273572
 1.273572
 1.273572
 1.273572
 1.273572
 1.273572
 1.273572
 1.273572
 1.273591
 1.273591
 1.273591
 1.273591
 1.273591
 1.273591
 1.273591
 1.273591
 1.273628
 1.273628
 1.273628
 1.273628
 1.273628
 1.273628
 1.273628
 1.273628
 1.273658
 1.273658
 1.273658
 1.273658
 1.273658
 1.273658
 1.273658
 1.273658
 1.273613
 1.273613
 1.273613
 1.273613
 1.273613
 1.273613
 1.273613
 1.273613
 1.273591
 1.273591
 1.273591
 1.273591
 1.273591
 1.273591
 1.273591
 1.273591
 1.273607
 1.273607
 1.273607
 1.273607
 1.273607
 1.273607
 1.273607
 1.273607
 1.273656
 1.273656
 1.273656
 1.273656
 1.273656
 1.273656
 1.273656
 1.273656
 1.273612
 1.273612
 1.273612
 1.273612
 1.273612
 1.273612
 1.273612
 1.273612
 1.273786
 1.273786
 1.273786
 1.273786
 1.273786
 1.273786
 1.273786
 1.273786
 1.273589
 1.273589
 1.273589
 1.273589
 1.273589
 1.273589
 1.273589
 1.273589
 1.273654
 1.273654
 1.273654
 1.273654
 1.273654
 1.273654
 1.273654
 1.273654
 1.273597
 1.273597
 1.273597
 1.273597
 1.273597
 1.273597
 1.273597
 1.273597
 1.273589
 1.273589
 1.273589
 1.273589
 1.273589
 1.273589
 1.273589
 1.273589
 1.273532
 1.273532
 1.273532
 1.273532
 1.273532
 1.273532
 1.273532
 1.273532
 1.273485
 1.273485
 1.273485
 1.273485
 1.273485
 1.273485
 1.273485
 1.273485
 1.273465
 1.273465
 1.273465
 1.273465
 1.273465
 1.273465
 1.273465
 1.273465
 1.273515
 1.273515
 1.273515
 1.273515
 1.273515
 1.273515
 1.273515
 1.273515
 1.273450
 1.273450
 1.273450
 1.273450
 1.273450
 1.273450
 1.273450
 1.273450
 1.273554
 1.273554
 1.273554
 1.273554
 1.273554
 1.273554
 1.273554
 1.273554
 1.273556
 1.273556
 1.273556
 1.273556
 1.273556
 1.273556
 1.273556
 1.273556
 1.273511
 1.273511
 1.273511
 1.273511
 1.273511
 1.273511
 1.273511
 1.273511
 1.273673
 1.273673
 1.273673
 1.273673
 1.273673
 1.273673
 1.273673
 1.273673
 1.273672
 1.273672
 1.273672
 1.273672
 1.273672
 1.273672
 1.273672
 1.273672
 1.273746
 1.273746
 1.273746
 1.273746
 1.273746
 1.273746
 1.273746
 1.273746
 1.273724
 1.273724
 1.273724
 1.273724
 1.273724
 1.273724
 1.273724
 1.273724
 1.273676
 1.273676
 1.273676
 1.273676
 1.273676
 1.273676
 1.273676
 1.273676
 1.273642
 1.273642
 1.273642
 1.273642
 1.273642
 1.273642
 1.273642
 1.273642
 1.273688
 1.273688
 1.273688
 1.273688
 1.273688
 1.273688
 1.273688
 1.273688
 1.273699
 1.273699
 1.273699
 1.273699
 1.273699
 1.273699
 1.273699
 1.273699
 1.273598
 1.273598
 1.273598
 1.273598
 1.273598
 1.273598
 1.273598
 1.273598
 1.273756
 1.273756
 1.273756
 1.273756
 1.273756
 1.273756
 1.273756
 1.273756
 1.273781
 1.273781
 1.273781
 1.273781
 1.273781
 1.273781
 1.273781
 1.273781
 1.273795
 1.273795
 1.273795
 1.273795
 1.273795
 1.273795
 1.273795
 1.273795
 1.273801
 1.273801
 1.273801
 1.273801
 1.273801
 1.273801
 1.273801
 1.273801
 1.273705
 1.273705
 1.273705
 1.273705
 1.273705
 1.273705
 1.273705
 1.273705
 1.273742
 1.273742
 1.273742
 1.273742
 1.273742
 1.273742
 1.273742
 1.273742
 1.273693
 1.273693
 1.273693
 1.273693
 1.273693
 1.273693
 1.273693
 1.273693
 1.273807
 1.273807
 1.273807
 1.273807
 1.273807
 1.273807
 1.273807
 1.273807
 1.273723
 1.273723
 1.273723
 1.273723
 1.273723
 1.273723
 1.273723
 1.273723
 1.273744
 1.273744
 1.273744
 1.273744
 1.273744
 1.273744
 1.273744
 1.273744
 1.273783
 1.273783
 1.273783
 1.273783
 1.273783
 1.273783
 1.273783
 1.273783
 1.273787
 1.273787
 1.273787
 1.273787
 1.273787
 1.273787
 1.273787
 1.273787
 1.273695
 1.273695
 1.273695
 1.273695
 1.273695
 1.273695
 1.273695
 1.273695
 1.273562
 1.273562
 1.273562
 1.273562
 1.273562
 1.273562
 1.273562
 1.273562
 1.273486
 1.273486
 1.273486
 1.273486
 1.273486
 1.273486
 1.273486
 1.273486
 1.273478
 1.273478
 1.273478
 1.273478
 1.273478
 1.273478
 1.273478
 1.273478
 1.273421
 1.273421
 1.273421
 1.273421
 1.273421
 1.273421
 1.273421
 1.273421
 1.273428
 1.273428
 1.273428
 1.273428
 1.273428
 1.273428
 1.273428
 1.273428
 1.273417
 1.273417
 1.273417
 1.273417
 1.273417
 1.273417
 1.273417
 1.273417
 1.273364
 1.273364
 1.273364
 1.273364
 1.273364
 1.273364
 1.273364
 1.273364
 1.273465
 1.273465
 1.273465
 1.273465
 1.273465
 1.273465
 1.273465
 1.273465
 1.273508
 1.273508
 1.273508
 1.273508
 1.273508
 1.273508
 1.273508
 1.273508
 1.273559
 1.273559
 1.273559
 1.273559
 1.273559
 1.273559
 1.273559
 1.273559
 1.273601
 1.273601
 1.273601
 1.273601
 1.273601
 1.273601
 1.273601
 1.273601
 1.273487
 1.273487
 1.273487
 1.273487
 1.273487
 1.273487
 1.273487
 1.273487
 1.273588
 1.273588
 1.273588
 1.273588
 1.273588
 1.273588
 1.273588
 1.273588
 1.273621
 1.273621
 1.273621
 1.273621
 1.273621
 1.273621
 1.273621
 1.273621
 1.273540
 1.273540
 1.273540
 1.273540
 1.273540
 1.273540
 1.273540
 1.273540
 1.273637
 1.273637
 1.273637
 1.273637
 1.273637
 1.273637
 1.273637
 1.273637
 1.273573
 1.273573
 1.273573
 1.273573
 1.273573
 1.273573
 1.273573
 1.273573
 1.273526
 1.273526
 1.273526
 1.273526
 1.273526
 1.273526
 1.273526
 1.273526
 1.273217
 1.273217
 1.273217
 1.273217
 1.273217
 1.273217
 1.273217
 1.273217
 1.273392
 1.273392
 1.273392
 1.273392
 1.273392
 1.273392
 1.273392
 1.273392
 1.273383
 1.273383
 1.273383
 1.273383
 1.273383
 1.273383
 1.273383
 1.273383
 1.273460
 1.273460
 1.273460
 1.273460
 1.273460
 1.273460
 1.273460
 1.273460
 1.273390
 1.273390
 1.273390
 1.273390
 1.273390
 1.273390
 1.273390
 1.273390
 1.273468
 1.273468
 1.273468
 1.273468
 1.273468
 1.273468
 1.273468
 1.273468
 1.273486
 1.273486
 1.273486
 1.273486
 1.273486
 1.273486
 1.273486
 1.273486
 1.273504
 1.273504
 1.273504
 1.273504
 1.273504
 1.273504
 1.273504
 1.273504
 1.273536
 1.273536
 1.273536
 1.273536
 1.273536
 1.273536
 1.273536
 1.273536
 1.273525
 1.273525
 1.273525
 1.273525
 1.273525
 1.273525
 1.273525
 1.273525
 1.273525
 1.273525
 1.273525
 1.273525
 1.273525
 1.273525
 1.273525
 1.273525
 1.273494
 1.273494
 1.273494
 1.273494
 1.273494
 1.273494
 1.273494
 1.273494
 1.273464
 1.273464
 1.273464
 1.273464
 1.273464
 1.273464
 1.273464
 1.273464
 1.273434
 1.273434
 1.273434
 1.273434
 1.273434
 1.273434
 1.273434
 1.273434
 1.273410
 1.273410
 1.273410
 1.273410
 1.273410
 1.273410
 1.273410
 1.273410
 1.273420
 1.273420
 1.273420
 1.273420
 1.273420
 1.273420
 1.273420
 1.273420
 1.273454
 1.273454
 1.273454
 1.273454
 1.273454
 1.273454
 1.273454
 1.273454
 1.273437
 1.273437
 1.273437
 1.273437
 1.273437
 1.273437
 1.273437
 1.273437
 1.273387
 1.273387
 1.273387
 1.273387
 1.273387
 1.273387
 1.273387
 1.273387
 1.273331
 1.273331
 1.273331
 1.273331
 1.273331
 1.273331
 1.273331
 1.273331
 1.273348
 1.273348
 1.273348
 1.273348
 1.273348
 1.273348
 1.273348
 1.273348
 1.273283
 1.273283
 1.273283
 1.273283
 1.273283
 1.273283
 1.273283
 1.273283
 1.273317
 1.273317
 1.273317
 1.273317
 1.273317
 1.273317
 1.273317
 1.273317
 1.273377
 1.273377
 1.273377
 1.273377
 1.273377
 1.273377
 1.273377
 1.273377
 1.273385
 1.273385
 1.273385
 1.273385
 1.273385
 1.273385
 1.273385
 1.273385
 1.273413
 1.273413
 1.273413
 1.273413
 1.273413
 1.273413
 1.273413
 1.273413
 1.273431
 1.273431
 1.273431
 1.273431
 1.273431
 1.273431
 1.273431
 1.273431
 1.273314
 1.273314
 1.273314
 1.273314
 1.273314
 1.273314
 1.273314
 1.273314
 1.273263
 1.273263
 1.273263
 1.273263
 1.273263
 1.273263
 1.273263
 1.273263
 1.273281
 1.273281
 1.273281
 1.273281
 1.273281
 1.273281
 1.273281
 1.273281
 1.273176
 1.273176
 1.273176
 1.273176
 1.273176
 1.273176
 1.273176
 1.273176
 1.273217
 1.273217
 1.273217
 1.273217
 1.273217
 1.273217
 1.273217
 1.273217
 1.273047
 1.273047
 1.273047
 1.273047
 1.273047
 1.273047
 1.273047
 1.273047
 1.273327
 1.273327
 1.273327
 1.273327
 1.273327
 1.273327
 1.273327
 1.273327
 1.273430
 1.273430
 1.273430
 1.273430
 1.273430
 1.273430
 1.273430
 1.273430
 1.273397
 1.273397
 1.273397
 1.273397
 1.273397
 1.273397
 1.273397
 1.273397
 1.273348
 1.273348
 1.273348
 1.273348
 1.273348
 1.273348
 1.273348
 1.273348
 1.273354
 1.273354
 1.273354
 1.273354
 1.273354
 1.273354
 1.273354
 1.273354
 1.273380
 1.273380
 1.273380
 1.273380
 1.273380
 1.273380
 1.273380
 1.273380
 1.273391
 1.273391
 1.273391
 1.273391
 1.273391
 1.273391
 1.273391
 1.273391
 1.273298
 1.273298
 1.273298
 1.273298
 1.273298
 1.273298
 1.273298
 1.273298
 1.273323
 1.273323
 1.273323
 1.273323
 1.273323
 1.273323
 1.273323
 1.273323
 1.273264
 1.273264
 1.273264
 1.273264
 1.273264
 1.273264
 1.273264
 1.273264
 1.273240
 1.273240
 1.273240
 1.273240
 1.273240
 1.273240
 1.273240
 1.273240
 1.273311
 1.273311
 1.273311
 1.273311
 1.273311
 1.273311
 1.273311
 1.273311
 1.273231
 1.273231
 1.273231
 1.273231
 1.273231
 1.273231
 1.273231
 1.273231
 1.273143
 1.273143
 1.273143
 1.273143
 1.273143
 1.273143
 1.273143
 1.273143
 1.273165
 1.273165
 1.273165
 1.273165
 1.273165
 1.273165
 1.273165
 1.273165
 1.273164
 1.273164
 1.273164
 1.273164
 1.273164
 1.273164
 1.273164
 1.273164
 1.273052
 1.273052
 1.273052
 1.273052
 1.273052
 1.273052
 1.273052
 1.273052
 1.273014
 1.273014
 1.273014
 1.273014
 1.273014
 1.273014
 1.273014
 1.273014
 1.273105
 1.273105
 1.273105
 1.273105
 1.273105
 1.273105
 1.273105
 1.273105
 1.273165
 1.273165
 1.273165
 1.273165
 1.273165
 1.273165
 1.273165
 1.273165
 1.273187
 1.273187
 1.273187
 1.273187
 1.273187
 1.273187
 1.273187
 1.273187
 1.273216
 1.273216
 1.273216
 1.273216
 1.273216
 1.273216
 1.273216
 1.273216
 1.273242
 1.273242
 1.273242
 1.273242
 1.273242
 1.273242
 1.273242
 1.273242
 1.273311
 1.273311
 1.273311
 1.273311
 1.273311
 1.273311
 1.273311
 1.273311
 1.273334
 1.273334
 1.273334
 1.273334
 1.273334
 1.273334
 1.273334
 1.273334
 1.273391
 1.273391
 1.273391
 1.273391
 1.273391
 1.273391
 1.273391
 1.273391
 1.273366
 1.273366
 1.273366
 1.273366
 1.273366
 1.273366
 1.273366
 1.273366
 1.273308
 1.273308
 1.273308
 1.273308
 1.273308
 1.273308
 1.273308
 1.273308
 1.273308
 1.273308
 1.273308
 1.273308
 1.273308
 1.273308
 1.273308
 1.273308
 1.273223
 1.273223
 1.273223
 1.273223
 1.273223
 1.273223
 1.273223
 1.273223
 1.273200
 1.273200
 1.273200
 1.273200
 1.273200
 1.273200
 1.273200
 1.273200
 1.273287
 1.273287
 1.273287
 1.273287
 1.273287
 1.273287
 1.273287
 1.273287
 1.273289
 1.273289
 1.273289
 1.273289
 1.273289
 1.273289
 1.273289
 1.273289
 1.273262
 1.273262
 1.273262
 1.273262
 1.273262
 1.273262
 1.273262
 1.273262
 1.273341
 1.273341
 1.273341
 1.273341
 1.273341
 1.273341
 1.273341
 1.273341
 1.273356
 1.273356
 1.273356
 1.273356
 1.273356
 1.273356
 1.273356
 1.273356
 1.273226
 1.273226
 1.273226
 1.273226
 1.273226
 1.273226
 1.273226
 1.273226
 1.273257
 1.273257
 1.273257
 1.273257
 1.273257
 1.273257
 1.273257
 1.273257
 1.273307
 1.273307
 1.273307
 1.273307
 1.273307
 1.273307
 1.273307
 1.273307
 1.273196
 1.273196
 1.273196
 1.273196
 1.273196
 1.273196
 1.273196
 1.273196
 1.273131
 1.273131
 1.273131
 1.273131
 1.273131
 1.273131
 1.273131
 1.273131
 1.273113
 1.273113
 1.273113
 1.273113
 1.273113
 1.273113
 1.273113
 1.273113
 1.273035
 1.273035
 1.273035
 1.273035
 1.273035
 1.273035
 1.273035
 1.273035
 1.273043
 1.273043
 1.273043
 1.273043
 1.273043
 1.273043
 1.273043
 1.273043
 1.273089
 1.273089
 1.273089
 1.273089
 1.273089
 1.273089
 1.273089
 1.273089
 1.273142
 1.273142
 1.273142
 1.273142
 1.273142
 1.273142
 1.273142
 1.273142
 1.273183
 1.273183
 1.273183
 1.273183
 1.273183
 1.273183
 1.273183
 1.273183
 1.273095
 1.273095
 1.273095
 1.273095
 1.273095
 1.273095
 1.273095
 1.273095
 1.273065
 1.273065
 1.273065
 1.273065
 1.273065
 1.273065
 1.273065
 1.273065
 1.273182
 1.273182
 1.273182
 1.273182
 1.273182
 1.273182
 1.273182
 1.273182
 1.273208
 1.273208
 1.273208
 1.273208
 1.273208
 1.273208
 1.273208
 1.273208
 1.273224
 1.273224
 1.273224
 1.273224
 1.273224
 1.273224
 1.273224
 1.273224
 1.273311
 1.273311
 1.273311
 1.273311
 1.273311
 1.273311
 1.273311
 1.273311
 1.273211
 1.273211
 1.273211
 1.273211
 1.273211
 1.273211
 1.273211
 1.273211
 1.273266
 1.273266
 1.273266
 1.273266
 1.273266
 1.273266
 1.273266
 1.273266
 1.273214
 1.273214
 1.273214
 1.273214
 1.273214
 1.273214
 1.273214
 1.273214
 1.273120
 1.273120
 1.273120
 1.273120
 1.273120
 1.273120
 1.273120
 1.273120
 1.273187
 1.273187
 1.273187
 1.273187
 1.273187
 1.273187
 1.273187
 1.273187
 1.273156
 1.273156
 1.273156
 1.273156
 1.273156
 1.273156
 1.273156
 1.273156
 1.273201
 1.273201
 1.273201
 1.273201
 1.273201
 1.273201
 1.273201
 1.273201
 1.273346
 1.273346
 1.273346
 1.273346
 1.273346
 1.273346
 1.273346
 1.273346
 1.273343
 1.273343
