 0.000000
 0.000000
 0.000000
 0.000000
 0.000000
 1.491905
 1.491905
 1.491905
 1.491905
 1.491905
 1.491905
 1.491905
 1.491905
 1.466715
 1.466715
 1.466715
 1.466715
 1.466715
 1.466715
 1.466715
 1.466715
 1.480428
 1.480428
 1.480428
 1.480428
 1.480428
 1.480428
 1.480428
 1.480428
 1.474931
 1.474931
 1.474931
 1.474931
 1.474931
 1.474931
 1.474931
 1.474931
 1.469553
 1.469553
 1.469553
 1.469553
 1.469553
 1.469553
 1.469553
 1.469553
 1.464389
 1.464389
 1.464389
 1.464389
 1.464389
 1.464389
 1.464389
 1.464389
 1.459175
 1.459175
 1.459175
 1.459175
 1.459175
 1.459175
 1.459175
 1.459175
 1.454346
 1.454346
 1.454346
 1.454346
 1.454346
 1.454346
 1.454346
 1.454346
 1.449592
 1.449592
 1.449592
 1.449592
 1.449592
 1.449592
 1.449592
 1.449592
 1.444847
 1.444847
 1.444847
 1.444847
 1.444847
 1.444847
 1.444847
 1.444847
 1.440330
 1.440330
 1.440330
 1.440330
 1.440330
 1.440330
 1.440330
 1.440330
 1.435832
 1.435832
 1.435832
 1.435832
 1.435832
 1.435832
 1.435832
 1.435832
 1.431515
 1.431515
 1.431515
 1.431515
 1.431515
 1.431515
 1.431515
 1.431515
 1.427296
 1.427296
 1.427296
 1.427296
 1.427296
 1.427296
 1.427296
 1.427296
 1.423231
 1.423231
 1.423231
 1.423231
 1.423231
 1.423231
 1.423231
 1.423231
 1.419273
 1.419273
 1.419273
 1.419273
 1.419273
 1.419273
 1.419273
 1.419273
 1.415317
 1.415317
 1.415317
 1.415317
 1.415317
 1.415317
 1.415317
 1.415317
 1.411555
 1.411555
 1.411555
 1.411555
 1.411555
 1.411555
 1.411555
 1.411555
 1.407882
 1.407882
 1.407882
 1.407882
 1.407882
 1.407882
 1.407882
 1.407882
 1.404286
 1.404286
 1.404286
 1.404286
 1.404286
 1.404286
 1.404286
 1.404286
 1.400704
 1.400704
 1.400704
 1.400704
 1.400704
 1.400704
 1.400704
 1.400704
 1.397329
 1.397329
 1.397329
 1.397329
 1.397329
 1.397329
 1.397329
 1.397329
 1.393907
 1.393907
 1.393907
 1.393907
 1.393907
 1.393907
 1.393907
 1.393907
 1.390729
 1.390729
 1.390729
 1.390729
 1.390729
 1.390729
 1.390729
 1.390729
 1.387411
 1.387411
 1.387411
 1.387411
 1.387411
 1.387411
 1.387411
 1.387411
 1.384383
 1.384383
 1.384383
 1.384383
 1.384383
 1.384383
 1.384383
 1.384383
 1.381362
 1.381362
 1.381362
 1.381362
 1.381362
 1.381362
 1.381362
 1.381362
 1.378390
 1.378390
 1.378390
 1.378390
 1.378390
 1.378390
 1.378390
 1.378390
 1.375459
 1.375459
 1.375459
 1.375459
 1.375459
 1.375459
 1.375459
 1.375459
 1.372670
 1.372670
 1.372670
 1.372670
 1.372670
 1.372670
 1.372670
 1.372670
 1.369889
 1.369889
 1.369889
 1.369889
 1.369889
 1.369889
 1.369889
 1.369889
 1.367203
 1.367203
 1.367203
 1.367203
 1.367203
 1.367203
 1.367203
 1.367203
 1.364711
 1.364711
 1.364711
 1.364711
 1.364711
 1.364711
 1.364711
 1.364711
 1.362213
 1.362213
 1.362213
 1.362213
 1.362213
 1.362213
 1.362213
 1.362213
 1.359855
 1.359855
 1.359855
 1.359855
 1.359855
 1.359855
 1.359855
 1.359855
 1.357455
 1.357455
 1.357455
 1.357455
 1.357455
 1.357455
 1.357455
 1.357455
 1.355217
 1.355217
 1.355217
 1.355217
 1.355217
 1.355217
 1.355217
 1.355217
 1.353252
 1.353252
 1.353252
 1.353252
 1.353252
 1.353252
 1.353252
 1.353252
 1.350798
 1.350798
 1.350798
 1.350798
 1.350798
 1.350798
 1.350798
 1.350798
 1.348713
 1.348713
 1.348713
 1.348713
 1.348713
 1.348713
 1.348713
 1.348713
 1.346595
 1.346595
 1.346595
 1.346595
 1.346595
 1.346595
 1.346595
 1.346595
 1.344599
 1.344599
 1.344599
 1.344599
 1.344599
 1.344599
 1.344599
 1.344599
 1.342432
 1.342432
 1.342432
 1.342432
 1.342432
 1.342432
 1.342432
 1.342432
 1.340651
 1.340651
 1.340651
 1.340651
 1.340651
 1.340651
 1.340651
 1.340651
 1.338856
 1.338856
 1.338856
 1.338856
 1.338856
 1.338856
 1.338856
 1.338856
 1.336989
 1.336989
 1.336989
 1.336989
 1.336989
 1.336989
 1.336989
 1.336989
 1.334949
 1.334949
 1.334949
 1.334949
 1.334949
 1.334949
 1.334949
 1.334949
 1.333506
 1.333506
 1.333506
 1.333506
 1.333506
 1.333506
 1.333506
 1.333506
 1.331778
 1.331778
 1.331778
 1.331778
 1.331778
 1.331778
 1.331778
 1.331778
 1.330152
 1.330152
 1.330152
 1.330152
 1.330152
 1.330152
 1.330152
 1.330152
 1.328504
 1.328504
 1.328504
 1.328504
 1.328504
 1.328504
 1.328504
 1.328504
 1.326967
 1.326967
 1.326967
 1.326967
 1.326967
 1.326967
 1.326967
 1.326967
 1.325483
 1.325483
 1.325483
 1.325483
 1.325483
 1.325483
 1.325483
 1.325483
 1.323941
 1.323941
 1.323941
 1.323941
 1.323941
 1.323941
 1.323941
 1.323941
 1.322503
 1.322503
 1.322503
 1.322503
 1.322503
 1.322503
 1.322503
 1.322503
 1.321061
 1.321061
 1.321061
 1.321061
 1.321061
 1.321061
 1.321061
 1.321061
 1.319614
 1.319614
 1.319614
 1.319614
 1.319614
 1.319614
 1.319614
 1.319614
 1.318279
 1.318279
 1.318279
 1.318279
 1.318279
 1.318279
 1.318279
 1.318279
 1.316973
 1.316973
 1.316973
 1.316973
 1.316973
 1.316973
 1.316973
 1.316973
 1.315710
 1.315710
 1.315710
 1.315710
 1.315710
 1.315710
 1.315710
 1.315710
 1.314480
 1.314480
 1.314480
 1.314480
 1.314480
 1.314480
 1.314480
 1.314480
 1.313178
 1.313178
 1.313178
 1.313178
 1.313178
 1.313178
 1.313178
 1.313178
 1.312030
 1.312030
 1.312030
 1.312030
 1.312030
 1.312030
 1.312030
 1.312030
 1.310890
 1.310890
 1.310890
 1.310890
 1.310890
 1.310890
 1.310890
 1.310890
 1.309680
 1.309680
 1.309680
 1.309680
 1.309680
 1.309680
 1.309680
 1.309680
 1.308562
 1.308562
 1.308562
 1.308562
 1.308562
 1.308562
 1.308562
 1.308562
 1.307465
 1.307465
 1.307465
 1.307465
 1.307465
 1.307465
 1.307465
 1.307465
 1.306426
 1.306426
 1.306426
 1.306426
 1.306426
 1.306426
 1.306426
 1.306426
 1.305356
 1.305356
 1.305356
 1.305356
 1.305356
 1.305356
 1.305356
 1.305356
 1.304368
 1.304368
 1.304368
 1.304368
 1.304368
 1.304368
 1.304368
 1.304368
 1.303307
 1.303307
 1.303307
 1.303307
 1.303307
 1.303307
 1.303307
 1.303307
 1.302364
 1.302364
 1.302364
 1.302364
 1.302364
 1.302364
 1.302364
 1.302364
 1.301383
 1.301383
 1.301383
 1.301383
 1.301383
 1.301383
 1.301383
 1.301383
 1.300523
 1.300523
 1.300523
 1.300523
 1.300523
 1.300523
 1.300523
 1.300523
 1.299523
 1.299523
 1.299523
 1.299523
 1.299523
 1.299523
 1.299523
 1.299523
 1.298700
 1.298700
 1.298700
 1.298700
 1.298700
 1.298700
 1.298700
 1.298700
 1.297778
 1.297778
 1.297778
 1.297778
 1.297778
 1.297778
 1.297778
 1.297778
 1.296835
 1.296835
 1.296835
 1.296835
 1.296835
 1.296835
 1.296835
 1.296835
 1.295925
 1.295925
 1.295925
 1.295925
 1.295925
 1.295925
 1.295925
 1.295925
 1.295042
 1.295042
 1.295042
 1.295042
 1.295042
 1.295042
 1.295042
 1.295042
 1.294355
 1.294355
 1.294355
 1.294355
 1.294355
 1.294355
 1.294355
 1.294355
 1.293579
 1.293579
 1.293579
 1.293579
 1.293579
 1.293579
 1.293579
 1.293579
 1.292852
 1.292852
 1.292852
 1.292852
 1.292852
 1.292852
 1.292852
 1.292852
 1.292050
 1.292050
 1.292050
 1.292050
 1.292050
 1.292050
 1.292050
 1.292050
 1.291386
 1.291386
 1.291386
 1.291386
 1.291386
 1.291386
 1.291386
 1.291386
 1.290653
 1.290653
 1.290653
 1.290653
 1.290653
 1.290653
 1.290653
 1.290653
 1.290034
 1.290034
 1.290034
 1.290034
 1.290034
 1.290034
 1.290034
 1.290034
 1.289418
 1.289418
 1.289418
 1.289418
 1.289418
 1.289418
 1.289418
 1.289418
 1.288608
 1.288608
 1.288608
 1.288608
 1.288608
 1.288608
 1.288608
 1.288608
 1.288183
 1.288183
 1.288183
 1.288183
 1.288183
 1.288183
 1.288183
 1.288183
 1.287528
 1.287528
 1.287528
 1.287528
 1.287528
 1.287528
 1.287528
 1.287528
 1.286974
 1.286974
 1.286974
 1.286974
 1.286974
 1.286974
 1.286974
 1.286974
 1.286424
 1.286424
 1.286424
 1.286424
 1.286424
 1.286424
 1.286424
 1.286424
 1.285852
 1.285852
 1.285852
 1.285852
 1.285852
 1.285852
 1.285852
 1.285852
 1.285244
 1.285244
 1.285244
 1.285244
 1.285244
 1.285244
 1.285244
 1.285244
 1.284763
 1.284763
 1.284763
 1.284763
 1.284763
 1.284763
 1.284763
 1.284763
 1.284176
 1.284176
 1.284176
 1.284176
 1.284176
 1.284176
 1.284176
 1.284176
 1.283716
 1.283716
 1.283716
 1.283716
 1.283716
 1.283716
 1.283716
 1.283716
 1.283183
 1.283183
 1.283183
 1.283183
 1.283183
 1.283183
 1.283183
 1.283183
 1.282743
 1.282743
 1.282743
 1.282743
 1.282743
 1.282743
 1.282743
 1.282743
 1.282197
 1.282197
 1.282197
 1.282197
 1.282197
 1.282197
 1.282197
 1.282197
 1.281685
 1.281685
 1.281685
 1.281685
 1.281685
 1.281685
 1.281685
 1.281685
 1.281273
 1.281273
 1.281273
 1.281273
 1.281273
 1.281273
 1.281273
 1.281273
 1.280781
 1.280781
 1.280781
 1.280781
 1.280781
 1.280781
 1.280781
 1.280781
 1.280387
 1.280387
 1.280387
 1.280387
 1.280387
 1.280387
 1.280387
 1.280387
 1.279953
 1.279953
 1.279953
 1.279953
 1.279953
 1.279953
 1.279953
 1.279953
 1.279534
 1.279534
 1.279534
 1.279534
 1.279534
 1.279534
 1.279534
 1.279534
 1.279154
 1.279154
 1.279154
 1.279154
 1.279154
 1.279154
 1.279154
 1.279154
 1.278774
 1.278774
 1.278774
 1.278774
 1.278774
 1.278774
 1.278774
 1.278774
 1.278397
 1.278397
 1.278397
 1.278397
 1.278397
 1.278397
 1.278397
 1.278397
 1.278017
 1.278017
 1.278017
 1.278017
 1.278017
 1.278017
 1.278017
 1.278017
 1.277653
 1.277653
 1.277653
 1.277653
 1.277653
 1.277653
 1.277653
 1.277653
 1.277282
 1.277282
 1.277282
 1.277282
 1.277282
 1.277282
 1.277282
 1.277282
 1.276927
 1.276927
 1.276927
 1.276927
 1.276927
 1.276927
 1.276927
 1.276927
 1.276616
 1.276616
 1.276616
 1.276616
 1.276616
 1.276616
 1.276616
 1.276616
 1.276261
 1.276261
 1.276261
 1.276261
 1.276261
 1.276261
 1.276261
 1.276261
 1.275952
 1.275952
 1.275952
 1.275952
 1.275952
 1.275952
 1.275952
 1.275952
 1.275574
 1.275574
 1.275574
 1.275574
 1.275574
 1.275574
 1.275574
 1.275574
 1.275323
 1.275323
 1.275323
 1.275323
 1.275323
 1.275323
 1.275323
 1.275323
 1.274989
 1.274989
 1.274989
 1.274989
 1.274989
 1.274989
 1.274989
 1.274989
 1.274616
 1.274616
 1.274616
 1.274616
 1.274616
 1.274616
 1.274616
 1.274616
 1.274408
 1.274408
 1.274408
 1.274408
 1.274408
 1.274408
 1.274408
 1.274408
 1.274076
 1.274076
 1.274076
 1.274076
 1.274076
 1.274076
 1.274076
 1.274076
 1.273819
 1.273819
 1.273819
 1.273819
 1.273819
 1.273819
 1.273819
 1.273819
 1.273399
 1.273399
 1.273399
 1.273399
 1.273399
 1.273399
 1.273399
 1.273399
 1.273041
 1.273041
 1.273041
 1.273041
 1.273041
 1.273041
 1.273041
 1.273041
 1.272828
 1.272828
 1.272828
 1.272828
 1.272828
 1.272828
 1.272828
 1.272828
 1.272558
 1.272558
 1.272558
 1.272558
 1.272558
 1.272558
 1.272558
 1.272558
 1.272340
 1.272340
 1.272340
 1.272340
 1.272340
 1.272340
 1.272340
 1.272340
 1.272079
 1.272079
 1.272079
 1.272079
 1.272079
 1.272079
 1.272079
 1.272079
 1.271786
 1.271786
 1.271786
 1.271786
 1.271786
 1.271786
 1.271786
 1.271786
 1.271598
 1.271598
 1.271598
 1.271598
 1.271598
 1.271598
 1.271598
 1.271598
 1.271415
 1.271415
 1.271415
 1.271415
 1.271415
 1.271415
 1.271415
 1.271415
 1.271246
 1.271246
 1.271246
 1.271246
 1.271246
 1.271246
 1.271246
 1.271246
 1.271014
 1.271014
 1.271014
 1.271014
 1.271014
 1.271014
 1.271014
 1.271014
 1.270774
 1.270774
 1.270774
 1.270774
 1.270774
 1.270774
 1.270774
 1.270774
 1.270559
 1.270559
 1.270559
 1.270559
 1.270559
 1.270559
 1.270559
 1.270559
 1.270412
 1.270412
 1.270412
 1.270412
 1.270412
 1.270412
 1.270412
 1.270412
 1.270250
 1.270250
 1.270250
 1.270250
 1.270250
 1.270250
 1.270250
 1.270250
 1.270032
 1.270032
 1.270032
 1.270032
 1.270032
 1.270032
 1.270032
 1.270032
 1.269907
 1.269907
 1.269907
 1.269907
 1.269907
 1.269907
 1.269907
 1.269907
 1.269698
 1.269698
 1.269698
 1.269698
 1.269698
 1.269698
 1.269698
 1.269698
 1.269577
 1.269577
 1.269577
 1.269577
 1.269577
 1.269577
 1.269577
 1.269577
 1.269348
 1.269348
 1.269348
 1.269348
 1.269348
 1.269348
 1.269348
 1.269348
 1.269226
 1.269226
 1.269226
 1.269226
 1.269226
 1.269226
 1.269226
 1.269226
 1.269070
 1.269070
 1.269070
 1.269070
 1.269070
 1.269070
 1.269070
 1.269070
 1.268979
 1.268979
 1.268979
 1.268979
 1.268979
 1.268979
 1.268979
 1.268979
 1.268819
 1.268819
 1.268819
 1.268819
 1.268819
 1.268819
 1.268819
 1.268819
 1.268570
 1.268570
 1.268570
 1.268570
 1.268570
 1.268570
 1.268570
 1.268570
 1.268454
 1.268454
 1.268454
 1.268454
 1.268454
 1.268454
 1.268454
 1.268454
 1.268268
 1.268268
 1.268268
 1.268268
 1.268268
 1.268268
 1.268268
 1.268268
 1.268200
 1.268200
 1.268200
 1.268200
 1.268200
 1.268200
 1.268200
 1.268200
 1.268072
 1.268072
 1.268072
 1.268072
 1.268072
 1.268072
 1.268072
 1.268072
 1.267913
 1.267913
 1.267913
 1.267913
 1.267913
 1.267913
 1.267913
 1.267913
 1.267818
 1.267818
 1.267818
 1.267818
 1.267818
 1.267818
 1.267818
 1.267818
 1.267648
 1.267648
 1.267648
 1.267648
 1.267648
 1.267648
 1.267648
 1.267648
 1.267572
 1.267572
 1.267572
 1.267572
 1.267572
 1.267572
 1.267572
 1.267572
 1.267437
 1.267437
 1.267437
 1.267437
 1.267437
 1.267437
 1.267437
 1.267437
 1.267362
 1.267362
 1.267362
 1.267362
 1.267362
 1.267362
 1.267362
 1.267362
 1.267208
 1.267208
 1.267208
 1.267208
 1.267208
 1.267208
 1.267208
 1.267208
 1.267140
 1.267140
 1.267140
 1.267140
 1.267140
 1.267140
 1.267140
 1.267140
 1.266982
 1.266982
 1.266982
 1.266982
 1.266982
 1.266982
 1.266982
 1.266982
 1.266946
 1.266946
 1.266946
 1.266946
 1.266946
 1.266946
 1.266946
 1.266946
 1.266844
 1.266844
 1.266844
 1.266844
 1.266844
 1.266844
 1.266844
 1.266844
 1.266668
 1.266668
 1.266668
 1.266668
 1.266668
 1.266668
 1.266668
 1.266668
 1.266553
 1.266553
 1.266553
 1.266553
 1.266553
 1.266553
 1.266553
 1.266553
 1.266410
 1.266410
 1.266410
 1.266410
 1.266410
 1.266410
 1.266410
 1.266410
 1.266337
 1.266337
 1.266337
 1.266337
 1.266337
 1.266337
 1.266337
 1.266337
 1.266202
 1.266202
 1.266202
 1.266202
 1.266202
 1.266202
 1.266202
 1.266202
 1.266142
 1.266142
 1.266142
 1.266142
 1.266142
 1.266142
 1.266142
 1.266142
 1.265910
 1.265910
 1.265910
 1.265910
 1.265910
 1.265910
 1.265910
 1.265910
 1.265883
 1.265883
 1.265883
 1.265883
 1.265883
 1.265883
 1.265883
 1.265883
 1.265686
 1.265686
 1.265686
 1.265686
 1.265686
 1.265686
 1.265686
 1.265686
 1.265593
 1.265593
 1.265593
 1.265593
 1.265593
 1.265593
 1.265593
 1.265593
 1.265547
 1.265547
 1.265547
 1.265547
 1.265547
 1.265547
 1.265547
 1.265547
 1.265568
 1.265568
 1.265568
 1.265568
 1.265568
 1.265568
 1.265568
 1.265568
 1.265438
 1.265438
 1.265438
 1.265438
 1.265438
 1.265438
 1.265438
 1.265438
 1.265316
 1.265316
 1.265316
 1.265316
 1.265316
 1.265316
 1.265316
 1.265316
 1.265324
 1.265324
 1.265324
 1.265324
 1.265324
 1.265324
 1.265324
 1.265324
 1.265203
 1.265203
 1.265203
 1.265203
 1.265203
 1.265203
 1.265203
 1.265203
 1.265083
 1.265083
 1.265083
 1.265083
 1.265083
 1.265083
 1.265083
 1.265083
 1.265064
 1.265064
 1.265064
 1.265064
 1.265064
 1.265064
 1.265064
 1.265064
 1.264981
 1.264981
 1.264981
 1.264981
 1.264981
 1.264981
 1.264981
 1.264981
 1.264823
 1.264823
 1.264823
 1.264823
 1.264823
 1.264823
 1.264823
 1.264823
 1.264811
 1.264811
 1.264811
 1.264811
 1.264811
 1.264811
 1.264811
 1.264811
 1.264725
 1.264725
 1.264725
 1.264725
 1.264725
 1.264725
 1.264725
 1.264725
 1.264707
 1.264707
 1.264707
 1.264707
 1.264707
 1.264707
 1.264707
 1.264707
 1.264634
 1.264634
 1.264634
 1.264634
 1.264634
 1.264634
 1.264634
 1.264634
 1.264594
 1.264594
 1.264594
 1.264594
 1.264594
 1.264594
 1.264594
 1.264594
 1.264558
 1.264558
 1.264558
 1.264558
 1.264558
 1.264558
 1.264558
 1.264558
 1.264461
 1.264461
 1.264461
 1.264461
 1.264461
 1.264461
 1.264461
 1.264461
 1.264401
 1.264401
 1.264401
 1.264401
 1.264401
 1.264401
 1.264401
 1.264401
 1.264280
 1.264280
 1.264280
 1.264280
 1.264280
 1.264280
 1.264280
 1.264280
 1.264276
 1.264276
 1.264276
 1.264276
 1.264276
 1.264276
 1.264276
 1.264276
 1.264291
 1.264291
 1.264291
 1.264291
 1.264291
 1.264291
 1.264291
 1.264291
 1.264240
 1.264240
 1.264240
 1.264240
 1.264240
 1.264240
 1.264240
 1.264240
 1.264121
 1.264121
 1.264121
 1.264121
 1.264121
 1.264121
 1.264121
 1.264121
 1.264103
 1.264103
 1.264103
 1.264103
 1.264103
 1.264103
 1.264103
 1.264103
 1.264001
 1.264001
 1.264001
 1.264001
 1.264001
 1.264001
 1.264001
 1.264001
 1.264011
 1.264011
 1.264011
 1.264011
 1.264011
 1.264011
 1.264011
 1.264011
 1.263982
 1.263982
 1.263982
 1.263982
 1.263982
 1.263982
 1.263982
 1.263982
 1.263986
 1.263986
 1.263986
 1.263986
 1.263986
 1.263986
 1.263986
 1.263986
 1.263862
 1.263862
 1.263862
 1.263862
 1.263862
 1.263862
 1.263862
 1.263862
 1.263818
 1.263818
 1.263818
 1.263818
 1.263818
 1.263818
 1.263818
 1.263818
 1.263751
 1.263751
 1.263751
 1.263751
 1.263751
 1.263751
 1.263751
 1.263751
 1.263634
 1.263634
 1.263634
 1.263634
 1.263634
 1.263634
 1.263634
 1.263634
 1.263594
 1.263594
 1.263594
 1.263594
 1.263594
 1.263594
 1.263594
 1.263594
 1.263611
 1.263611
 1.263611
 1.263611
 1.263611
 1.263611
 1.263611
 1.263611
 1.263620
 1.263620
 1.263620
 1.263620
 1.263620
 1.263620
 1.263620
 1.263620
 1.263592
 1.263592
 1.263592
 1.263592
 1.263592
 1.263592
 1.263592
 1.263592
 1.263512
 1.263512
 1.263512
 1.263512
 1.263512
 1.263512
 1.263512
 1.263512
 1.263524
 1.263524
 1.263524
 1.263524
 1.263524
 1.263524
 1.263524
 1.263524
 1.263452
 1.263452
 1.263452
 1.263452
 1.263452
 1.263452
 1.263452
 1.263452
 1.263432
 1.263432
 1.263432
 1.263432
 1.263432
 1.263432
 1.263432
 1.263432
 1.263461
 1.263461
 1.263461
 1.263461
 1.263461
 1.263461
 1.263461
 1.263461
 1.263435
 1.263435
 1.263435
 1.263435
 1.263435
 1.263435
 1.263435
 1.263435
 1.263444
 1.263444
 1.263444
 1.263444
 1.263444
 1.263444
 1.263444
 1.263444
 1.263280
 1.263280
 1.263280
 1.263280
 1.263280
 1.263280
 1.263280
 1.263280
 1.263228
 1.263228
 1.263228
 1.263228
 1.263228
 1.263228
 1.263228
 1.263228
 1.263135
 1.263135
 1.263135
 1.263135
 1.263135
 1.263135
 1.263135
 1.263135
 1.263050
 1.263050
 1.263050
 1.263050
 1.263050
 1.263050
 1.263050
 1.263050
 1.263029
 1.263029
 1.263029
 1.263029
 1.263029
 1.263029
 1.263029
 1.263029
 1.262950
 1.262950
 1.262950
 1.262950
 1.262950
 1.262950
 1.262950
 1.262950
 1.262982
 1.262982
 1.262982
 1.262982
 1.262982
 1.262982
 1.262982
 1.262982
 1.262969
 1.262969
 1.262969
 1.262969
 1.262969
 1.262969
 1.262969
 1.262969
 1.262926
 1.262926
 1.262926
 1.262926
 1.262926
 1.262926
 1.262926
 1.262926
 1.262874
 1.262874
 1.262874
 1.262874
 1.262874
 1.262874
 1.262874
 1.262874
 1.262907
 1.262907
 1.262907
 1.262907
 1.262907
 1.262907
 1.262907
 1.262907
 1.262905
 1.262905
 1.262905
 1.262905
 1.262905
 1.262905
 1.262905
 1.262905
 1.262873
 1.262873
 1.262873
 1.262873
 1.262873
 1.262873
 1.262873
 1.262873
 1.262813
 1.262813
 1.262813
 1.262813
 1.262813
 1.262813
 1.262813
 1.262813
 1.262746
 1.262746
 1.262746
 1.262746
 1.262746
 1.262746
 1.262746
 1.262746
 1.262640
 1.262640
 1.262640
 1.262640
 1.262640
 1.262640
 1.262640
 1.262640
 1.262668
 1.262668
 1.262668
 1.262668
 1.262668
 1.262668
 1.262668
 1.262668
 1.262691
 1.262691
 1.262691
 1.262691
 1.262691
 1.262691
 1.262691
 1.262691
 1.262726
 1.262726
 1.262726
 1.262726
 1.262726
 1.262726
 1.262726
 1.262726
 1.262662
 1.262662
 1.262662
 1.262662
 1.262662
 1.262662
 1.262662
 1.262662
 1.262650
 1.262650
 1.262650
 1.262650
 1.262650
 1.262650
 1.262650
 1.262650
 1.262610
 1.262610
 1.262610
 1.262610
 1.262610
 1.262610
 1.262610
 1.262610
 1.262541
 1.262541
 1.262541
 1.262541
 1.262541
 1.262541
 1.262541
 1.262541
 1.262549
 1.262549
 1.262549
 1.262549
 1.262549
 1.262549
 1.262549
 1.262549
 1.262571
 1.262571
 1.262571
 1.262571
 1.262571
 1.262571
 1.262571
 1.262571
 1.262581
 1.262581
 1.262581
 1.262581
 1.262581
 1.262581
 1.262581
 1.262581
 1.262626
 1.262626
 1.262626
 1.262626
 1.262626
 1.262626
 1.262626
 1.262626
 1.262575
 1.262575
 1.262575
 1.262575
 1.262575
 1.262575
 1.262575
 1.262575
 1.262610
 1.262610
 1.262610
 1.262610
 1.262610
 1.262610
 1.262610
 1.262610
 1.262539
 1.262539
 1.262539
 1.262539
 1.262539
 1.262539
 1.262539
 1.262539
 1.262599
 1.262599
 1.262599
 1.262599
 1.262599
 1.262599
 1.262599
 1.262599
 1.262614
 1.262614
 1.262614
 1.262614
 1.262614
 1.262614
 1.262614
 1.262614
 1.262656
 1.262656
 1.262656
 1.262656
 1.262656
 1.262656
 1.262656
 1.262656
 1.262701
 1.262701
 1.262701
 1.262701
 1.262701
 1.262701
 1.262701
 1.262701
 1.262666
 1.262666
 1.262666
 1.262666
 1.262666
 1.262666
 1.262666
 1.262666
 1.262674
 1.262674
 1.262674
 1.262674
 1.262674
 1.262674
 1.262674
 1.262674
 1.262635
 1.262635
 1.262635
 1.262635
 1.262635
 1.262635
 1.262635
 1.262635
 1.262610
 1.262610
 1.262610
 1.262610
 1.262610
 1.262610
 1.262610
 1.262610
 1.262576
 1.262576
 1.262576
 1.262576
 1.262576
 1.262576
 1.262576
 1.262576
 1.262623
 1.262623
 1.262623
 1.262623
 1.262623
 1.262623
 1.262623
 1.262623
 1.262661
 1.262661
 1.262661
 1.262661
 1.262661
 1.262661
 1.262661
 1.262661
 1.262722
 1.262722
 1.262722
 1.262722
 1.262722
 1.262722
 1.262722
 1.262722
 1.262751
 1.262751
 1.262751
 1.262751
 1.262751
 1.262751
 1.262751
 1.262751
 1.262761
 1.262761
 1.262761
 1.262761
 1.262761
 1.262761
 1.262761
 1.262761
 1.262705
 1.262705
 1.262705
 1.262705
 1.262705
 1.262705
 1.262705
 1.262705
 1.262600
 1.262600
 1.262600
 1.262600
 1.262600
 1.262600
 1.262600
 1.262600
 1.262552
 1.262552
 1.262552
 1.262552
 1.262552
 1.262552
 1.262552
 1.262552
 1.262450
 1.262450
 1.262450
 1.262450
 1.262450
 1.262450
 1.262450
 1.262450
 1.262359
 1.262359
 1.262359
 1.262359
 1.262359
 1.262359
 1.262359
 1.262359
 1.262376
 1.262376
 1.262376
 1.262376
 1.262376
 1.262376
 1.262376
 1.262376
 1.262432
 1.262432
 1.262432
 1.262432
 1.262432
 1.262432
 1.262432
 1.262432
 1.262467
 1.262467
 1.262467
 1.262467
 1.262467
 1.262467
 1.262467
 1.262467
 1.262453
 1.262453
 1.262453
 1.262453
 1.262453
 1.262453
 1.262453
 1.262453
 1.262334
 1.262334
 1.262334
 1.262334
 1.262334
 1.262334
 1.262334
 1.262334
 1.262399
 1.262399
 1.262399
 1.262399
 1.262399
 1.262399
 1.262399
 1.262399
 1.262292
 1.262292
 1.262292
 1.262292
 1.262292
 1.262292
 1.262292
 1.262292
 1.262388
 1.262388
 1.262388
 1.262388
 1.262388
 1.262388
 1.262388
 1.262388
 1.262403
 1.262403
 1.262403
 1.262403
 1.262403
 1.262403
 1.262403
 1.262403
 1.262359
 1.262359
 1.262359
 1.262359
 1.262359
 1.262359
 1.262359
 1.262359
 1.262398
 1.262398
 1.262398
 1.262398
 1.262398
 1.262398
 1.262398
 1.262398
 1.262454
 1.262454
 1.262454
 1.262454
 1.262454
 1.262454
 1.262454
 1.262454
 1.262456
 1.262456
 1.262456
 1.262456
 1.262456
 1.262456
 1.262456
 1.262456
 1.262441
 1.262441
 1.262441
 1.262441
 1.262441
 1.262441
 1.262441
 1.262441
 1.262361
 1.262361
 1.262361
 1.262361
 1.262361
 1.262361
 1.262361
 1.262361
 1.262399
 1.262399
 1.262399
 1.262399
 1.262399
 1.262399
 1.262399
 1.262399
 1.262427
 1.262427
 1.262427
 1.262427
 1.262427
 1.262427
 1.262427
 1.262427
 1.262424
 1.262424
 1.262424
 1.262424
 1.262424
 1.262424
 1.262424
 1.262424
 1.262426
 1.262426
 1.262426
 1.262426
 1.262426
 1.262426
 1.262426
 1.262426
 1.262416
 1.262416
 1.262416
 1.262416
 1.262416
 1.262416
 1.262416
 1.262416
 1.262307
 1.262307
 1.262307
 1.262307
 1.262307
 1.262307
 1.262307
 1.262307
 1.262348
 1.262348
 1.262348
 1.262348
 1.262348
 1.262348
 1.262348
 1.262348
 1.262341
 1.262341
 1.262341
 1.262341
 1.262341
 1.262341
 1.262341
 1.262341
 1.262285
 1.262285
 1.262285
 1.262285
 1.262285
 1.262285
 1.262285
 1.262285
 1.262252
 1.262252
 1.262252
 1.262252
 1.262252
 1.262252
 1.262252
 1.262252
 1.262331
 1.262331
 1.262331
 1.262331
 1.262331
 1.262331
 1.262331
 1.262331
 1.262346
 1.262346
 1.262346
 1.262346
 1.262346
 1.262346
 1.262346
 1.262346
 1.262318
 1.262318
 1.262318
 1.262318
 1.262318
 1.262318
 1.262318
 1.262318
 1.262301
 1.262301
 1.262301
 1.262301
 1.262301
 1.262301
 1.262301
 1.262301
 1.262342
 1.262342
 1.262342
 1.262342
 1.262342
 1.262342
 1.262342
 1.262342
 1.262316
 1.262316
 1.262316
 1.262316
 1.262316
 1.262316
 1.262316
 1.262316
 1.262324
 1.262324
 1.262324
 1.262324
 1.262324
 1.262324
 1.262324
 1.262324
 1.262413
 1.262413
 1.262413
 1.262413
 1.262413
 1.262413
 1.262413
 1.262413
 1.262451
 1.262451
 1.262451
 1.262451
 1.262451
 1.262451
 1.262451
 1.262451
 1.262506
 1.262506
 1.262506
 1.262506
 1.262506
 1.262506
 1.262506
 1.262506
 1.262458
 1.262458
 1.262458
 1.262458
 1.262458
 1.262458
 1.262458
 1.262458
 1.262389
 1.262389
 1.262389
 1.262389
 1.262389
 1.262389
 1.262389
 1.262389
 1.262388
 1.262388
 1.262388
 1.262388
 1.262388
 1.262388
 1.262388
 1.262388
 1.262321
 1.262321
 1.262321
 1.262321
 1.262321
 1.262321
 1.262321
 1.262321
 1.262275
 1.262275
 1.262275
 1.262275
 1.262275
 1.262275
 1.262275
 1.262275
 1.262298
 1.262298
 1.262298
 1.262298
 1.262298
 1.262298
 1.262298
 1.262298
 1.262327
 1.262327
 1.262327
 1.262327
 1.262327
 1.262327
 1.262327
 1.262327
 1.262382
 1.262382
 1.262382
 1.262382
 1.262382
 1.262382
 1.262382
 1.262382
 1.262299
 1.262299
 1.262299
 1.262299
 1.262299
 1.262299
 1.262299
 1.262299
 1.262253
 1.262253
 1.262253
 1.262253
 1.262253
 1.262253
 1.262253
 1.262253
 1.262176
 1.262176
 1.262176
 1.262176
 1.262176
 1.262176
 1.262176
 1.262176
 1.262142
 1.262142
 1.262142
 1.262142
 1.262142
 1.262142
 1.262142
 1.262142
 1.262104
 1.262104
 1.262104
 1.262104
 1.262104
 1.262104
 1.262104
 1.262104
 1.262067
 1.262067
 1.262067
 1.262067
 1.262067
 1.262067
 1.262067
 1.262067
 1.262155
 1.262155
 1.262155
 1.262155
 1.262155
 1.262155
 1.262155
 1.262155
 1.262183
 1.262183
 1.262183
 1.262183
 1.262183
 1.262183
 1.262183
 1.262183
 1.262163
 1.262163
 1.262163
 1.262163
 1.262163
 1.262163
 1.262163
 1.262163
 1.262207
 1.262207
 1.262207
 1.262207
 1.262207
 1.262207
 1.262207
 1.262207
 1.262207
 1.262207
 1.262207
 1.262207
 1.262207
 1.262207
 1.262207
 1.262207
 1.262189
 1.262189
 1.262189
 1.262189
 1.262189
 1.262189
 1.262189
 1.262189
 1.262286
 1.262286
 1.262286
 1.262286
 1.262286
 1.262286
 1.262286
 1.262286
 1.262229
 1.262229
 1.262229
 1.262229
 1.262229
 1.262229
 1.262229
 1.262229
 1.262232
 1.262232
 1.262232
 1.262232
 1.262232
 1.262232
 1.262232
 1.262232
 1.262226
 1.262226
 1.262226
 1.262226
 1.262226
 1.262226
 1.262226
 1.262226
 1.262172
 1.262172
 1.262172
 1.262172
 1.262172
 1.262172
 1.262172
 1.262172
 1.262135
 1.262135
 1.262135
 1.262135
 1.262135
 1.262135
 1.262135
 1.262135
 1.262105
 1.262105
 1.262105
 1.262105
 1.262105
 1.262105
 1.262105
 1.262105
 1.262052
 1.262052
 1.262052
 1.262052
 1.262052
 1.262052
 1.262052
 1.262052
 1.262026
 1.262026
 1.262026
 1.262026
 1.262026
 1.262026
 1.262026
 1.262026
 1.262085
 1.262085
 1.262085
 1.262085
 1.262085
 1.262085
 1.262085
 1.262085
 1.262104
 1.262104
 1.262104
 1.262104
 1.262104
 1.262104
 1.262104
 1.262104
 1.262168
 1.262168
 1.262168
 1.262168
 1.262168
 1.262168
 1.262168
 1.262168
 1.262162
 1.262162
 1.262162
 1.262162
 1.262162
 1.262162
 1.262162
 1.262162
 1.262223
 1.262223
 1.262223
 1.262223
 1.262223
 1.262223
 1.262223
 1.262223
 1.262189
 1.262189
 1.262189
 1.262189
 1.262189
 1.262189
 1.262189
 1.262189
 1.262271
 1.262271
 1.262271
 1.262271
 1.262271
 1.262271
 1.262271
 1.262271
 1.262248
 1.262248
 1.262248
 1.262248
 1.262248
 1.262248
 1.262248
 1.262248
 1.262216
 1.262216
 1.262216
 1.262216
 1.262216
 1.262216
 1.262216
 1.262216
 1.262246
 1.262246
 1.262246
 1.262246
 1.262246
 1.262246
 1.262246
 1.262246
 1.262326
 1.262326
 1.262326
 1.262326
 1.262326
 1.262326
 1.262326
 1.262326
 1.262394
 1.262394
 1.262394
 1.262394
 1.262394
 1.262394
 1.262394
 1.262394
 1.262346
 1.262346
 1.262346
 1.262346
 1.262346
 1.262346
 1.262346
 1.262346
 1.262413
 1.262413
 1.262413
 1.262413
 1.262413
 1.262413
 1.262413
 1.262413
 1.262444
 1.262444
 1.262444
 1.262444
 1.262444
 1.262444
 1.262444
 1.262444
 1.262425
 1.262425
 1.262425
 1.262425
 1.262425
 1.262425
 1.262425
 1.262425
 1.262400
 1.262400
 1.262400
 1.262400
 1.262400
 1.262400
 1.262400
 1.262400
 1.262376
 1.262376
 1.262376
 1.262376
 1.262376
 1.262376
 1.262376
 1.262376
 1.262332
 1.262332
 1.262332
 1.262332
 1.262332
 1.262332
 1.262332
 1.262332
 1.262369
 1.262369
 1.262369
 1.262369
 1.262369
 1.262369
 1.262369
 1.262369
 1.262342
 1.262342
 1.262342
 1.262342
 1.262342
 1.262342
 1.262342
 1.262342
 1.262421
 1.262421
 1.262421
 1.262421
 1.262421
 1.262421
 1.262421
 1.262421
 1.262453
 1.262453
 1.262453
 1.262453
 1.262453
 1.262453
 1.262453
 1.262453
 1.262404
 1.262404
 1.262404
 1.262404
 1.262404
 1.262404
 1.262404
 1.262404
 1.262382
 1.262382
 1.262382
 1.262382
 1.262382
 1.262382
 1.262382
 1.262382
 1.262302
 1.262302
 1.262302
 1.262302
 1.262302
 1.262302
 1.262302
 1.262302
 1.262201
 1.262201
 1.262201
 1.262201
 1.262201
 1.262201
 1.262201
 1.262201
 1.262074
 1.262074
 1.262074
 1.262074
 1.262074
 1.262074
 1.262074
 1.262074
 1.262043
 1.262043
 1.262043
 1.262043
 1.262043
 1.262043
 1.262043
 1.262043
 1.262147
 1.262147
 1.262147
 1.262147
 1.262147
 1.262147
 1.262147
 1.262147
 1.262017
 1.262017
 1.262017
 1.262017
 1.262017
 1.262017
 1.262017
 1.262017
 1.262022
 1.262022
 1.262022
 1.262022
 1.262022
 1.262022
 1.262022
 1.262022
 1.261913
 1.261913
 1.261913
 1.261913
 1.261913
 1.261913
 1.261913
 1.261913
 1.261999
 1.261999
 1.261999
 1.261999
 1.261999
 1.261999
 1.261999
 1.261999
 1.261959
 1.261959
 1.261959
 1.261959
 1.261959
 1.261959
 1.261959
 1.261959
 1.261958
 1.261958
 1.261958
 1.261958
 1.261958
 1.261958
 1.261958
 1.261958
 1.262049
 1.262049
 1.262049
 1.262049
 1.262049
 1.262049
 1.262049
 1.262049
 1.262080
 1.262080
 1.262080
 1.262080
 1.262080
 1.262080
 1.262080
 1.262080
 1.262144
 1.262144
 1.262144
 1.262144
 1.262144
 1.262144
 1.262144
 1.262144
 1.262186
 1.262186
 1.262186
 1.262186
 1.262186
 1.262186
 1.262186
 1.262186
 1.262252
 1.262252
 1.262252
 1.262252
 1.262252
 1.262252
 1.262252
 1.262252
 1.262280
 1.262280
 1.262280
 1.262280
 1.262280
 1.262280
 1.262280
 1.262280
 1.262189
 1.262189
 1.262189
 1.262189
 1.262189
 1.262189
 1.262189
 1.262189
 1.262169
 1.262169
 1.262169
 1.262169
 1.262169
 1.262169
 1.262169
 1.262169
 1.261947
 1.261947
 1.261947
 1.261947
 1.261947
 1.261947
 1.261947
 1.261947
 1.262138
 1.262138
 1.262138
 1.262138
 1.262138
 1.262138
 1.262138
 1.262138
 1.262182
 1.262182
 1.262182
 1.262182
 1.262182
 1.262182
 1.262182
 1.262182
 1.262195
 1.262195
 1.262195
 1.262195
 1.262195
 1.262195
 1.262195
 1.262195
 1.262232
 1.262232
 1.262232
 1.262232
 1.262232
 1.262232
 1.262232
 1.262232
 1.262262
 1.262262
 1.262262
 1.262262
 1.262262
 1.262262
 1.262262
 1.262262
 1.262290
 1.262290
 1.262290
 1.262290
 1.262290
 1.262290
 1.262290
 1.262290
 1.262331
 1.262331
 1.262331
 1.262331
 1.262331
 1.262331
 1.262331
 1.262331
 1.262271
 1.262271
 1.262271
 1.262271
 1.262271
 1.262271
 1.262271
 1.262271
 1.262287
 1.262287
 1.262287
 1.262287
 1.262287
 1.262287
 1.262287
 1.262287
 1.262241
 1.262241
 1.262241
 1.262241
 1.262241
 1.262241
 1.262241
 1.262241
 1.262213
 1.262213
 1.262213
 1.262213
 1.262213
 1.262213
 1.262213
 1.262213
 1.262188
 1.262188
 1.262188
 1.262188
 1.262188
 1.262188
 1.262188
 1.262188
 1.262158
 1.262158
 1.262158
 1.262158
 1.262158
 1.262158
 1.262158
 1.262158
 1.262141
 1.262141
 1.262141
 1.262141
 1.262141
 1.262141
 1.262141
 1.262141
 1.262162
 1.262162
 1.262162
 1.262162
 1.262162
 1.262162
 1.262162
 1.262162
 1.262180
 1.262180
 1.262180
 1.262180
 1.262180
 1.262180
 1.262180
 1.262180
 1.262211
 1.262211
 1.262211
 1.262211
 1.262211
 1.262211
 1.262211
 1.262211
 1.262152
 1.262152
 1.262152
 1.262152
 1.262152
 1.262152
 1.262152
 1.262152
 1.262129
 1.262129
 1.262129
 1.262129
 1.262129
 1.262129
 1.262129
 1.262129
 1.262064
 1.262064
 1.262064
 1.262064
 1.262064
 1.262064
 1.262064
 1.262064
 1.262091
 1.262091
 1.262091
 1.262091
 1.262091
 1.262091
 1.262091
 1.262091
 1.262106
 1.262106
 1.262106
 1.262106
 1.262106
 1.262106
 1.262106
 1.262106
 1.262155
 1.262155
 1.262155
 1.262155
 1.262155
 1.262155
 1.262155
 1.262155
 1.262122
 1.262122
 1.262122
 1.262122
 1.262122
 1.262122
 1.262122
 1.262122
 1.262127
 1.262127
 1.262127
 1.262127
 1.262127
 1.262127
 1.262127
 1.262127
 1.262071
 1.262071
 1.262071
 1.262071
 1.262071
 1.262071
 1.262071
 1.262071
 1.261982
 1.261982
 1.261982
 1.261982
 1.261982
 1.261982
 1.261982
 1.261982
 1.261972
 1.261972
 1.261972
 1.261972
 1.261972
 1.261972
 1.261972
 1.261972
 1.261959
 1.261959
 1.261959
 1.261959
 1.261959
 1.261959
 1.261959
 1.261959
 1.262016
 1.262016
 1.262016
 1.262016
 1.262016
 1.262016
 1.262016
 1.262016
 1.261954
 1.261954
 1.261954
 1.261954
 1.261954
 1.261954
 1.261954
 1.261954
 1.261892
 1.261892
 1.261892
 1.261892
 1.261892
 1.261892
 1.261892
 1.261892
 1.262018
 1.262018
 1.262018
 1.262018
 1.262018
 1.262018
 1.262018
 1.262018
 1.262094
 1.262094
 1.262094
 1.262094
 1.262094
 1.262094
 1.262094
 1.262094
 1.262049
 1.262049
 1.262049
 1.262049
 1.262049
 1.262049
 1.262049
 1.262049
 1.262025
 1.262025
 1.262025
 1.262025
 1.262025
 1.262025
 1.262025
 1.262025
 1.262061
 1.262061
 1.262061
 1.262061
 1.262061
 1.262061
 1.262061
 1.262061
 1.261989
 1.261989
 1.261989
 1.261989
 1.261989
 1.261989
 1.261989
 1.261989
 1.262026
 1.262026
 1.262026
 1.262026
 1.262026
 1.262026
 1.262026
 1.262026
 1.261925
 1.261925
 1.261925
 1.261925
 1.261925
 1.261925
 1.261925
 1.261925
 1.261948
 1.261948
 1.261948
 1.261948
 1.261948
 1.261948
 1.261948
 1.261948
 1.261914
 1.261914
 1.261914
 1.261914
 1.261914
 1.261914
 1.261914
 1.261914
 1.261914
 1.261914
 1.261914
 1.261914
 1.261914
 1.261914
 1.261914
 1.261914
 1.261930
 1.261930
 1.261930
 1.261930
 1.261930
 1.261930
 1.261930
 1.261930
 1.261938
 1.261938
 1.261938
 1.261938
 1.261938
 1.261938
 1.261938
 1.261938
 1.261900
 1.261900
 1.261900
 1.261900
 1.261900
 1.261900
 1.261900
 1.261900
 1.261849
 1.261849
 1.261849
 1.261849
 1.261849
 1.261849
 1.261849
 1.261849
 1.261802
 1.261802
 1.261802
 1.261802
 1.261802
 1.261802
 1.261802
 1.261802
 1.261853
 1.261853
 1.261853
 1.261853
 1.261853
 1.261853
 1.261853
 1.261853
 1.261760
 1.261760
 1.261760
 1.261760
 1.261760
 1.261760
 1.261760
 1.261760
 1.261785
 1.261785
 1.261785
 1.261785
 1.261785
 1.261785
 1.261785
 1.261785
 1.261829
 1.261829
 1.261829
 1.261829
 1.261829
 1.261829
 1.261829
 1.261829
 1.261868
 1.261868
 1.261868
 1.261868
 1.261868
 1.261868
 1.261868
 1.261868
 1.261887
 1.261887
 1.261887
 1.261887
 1.261887
 1.261887
 1.261887
 1.261887
 1.261899
 1.261899
 1.261899
 1.261899
 1.261899
 1.261899
 1.261899
 1.261899
 1.261938
 1.261938
 1.261938
 1.261938
 1.261938
 1.261938
 1.261938
 1.261938
 1.261986
 1.261986
 1.261986
 1.261986
 1.261986
 1.261986
 1.261986
 1.261986
 1.261980
 1.261980
 1.261980
 1.261980
 1.261980
 1.261980
 1.261980
 1.261980
 1.261974
 1.261974
 1.261974
 1.261974
 1.261974
 1.261974
 1.261974
 1.261974
 1.261896
 1.261896
 1.261896
 1.261896
 1.261896
 1.261896
 1.261896
 1.261896
 1.261903
 1.261903
 1.261903
 1.261903
 1.261903
 1.261903
 1.261903
 1.261903
 1.261892
 1.261892
 1.261892
 1.261892
 1.261892
 1.261892
 1.261892
 1.261892
 1.261899
 1.261899
 1.261899
 1.261899
 1.261899
 1.261899
 1.261899
 1.261899
 1.261893
 1.261893
 1.261893
 1.261893
 1.261893
 1.261893
 1.261893
 1.261893
 1.261943
 1.261943
 1.261943
 1.261943
 1.261943
 1.261943
 1.261943
 1.261943
 1.261923
 1.261923
 1.261923
 1.261923
 1.261923
 1.261923
 1.261923
 1.261923
 1.261962
 1.261962
 1.261962
 1.261962
 1.261962
 1.261962
 1.261962
 1.261962
 1.261844
 1.261844
 1.261844
 1.261844
 1.261844
 1.261844
 1.261844
 1.261844
 1.261901
 1.261901
 1.261901
 1.261901
 1.261901
 1.261901
 1.261901
 1.261901
 1.261804
 1.261804
 1.261804
 1.261804
 1.261804
 1.261804
 1.261804
 1.261804
 1.261898
 1.261898
 1.261898
 1.261898
 1.261898
 1.261898
 1.261898
 1.261898
 1.261852
 1.261852
 1.261852
 1.261852
 1.261852
 1.261852
 1.261852
 1.261852
 1.261749
 1.261749
 1.261749
 1.261749
 1.261749
 1.261749
 1.261749
 1.261749
 1.261749
 1.261749
 1.261749
 1.261749
 1.261749
 1.261749
 1.261749
 1.261749
 1.261596
 1.261596
 1.261596
 1.261596
 1.261596
 1.261596
 1.261596
 1.261596
 1.261580
 1.261580
 1.261580
 1.261580
 1.261580
 1.261580
 1.261580
 1.261580
 1.261629
 1.261629
 1.261629
 1.261629
 1.261629
 1.261629
 1.261629
 1.261629
 1.261602
 1.261602
 1.261602
 1.261602
 1.261602
 1.261602
 1.261602
 1.261602
 1.261635
 1.261635
 1.261635
 1.261635
 1.261635
 1.261635
 1.261635
 1.261635
 1.261625
 1.261625
 1.261625
 1.261625
 1.261625
 1.261625
 1.261625
 1.261625
 1.261589
 1.261589
 1.261589
 1.261589
 1.261589
 1.261589
 1.261589
 1.261589
 1.261679
 1.261679
 1.261679
 1.261679
 1.261679
 1.261679
 1.261679
 1.261679
 1.261764
 1.261764
 1.261764
 1.261764
 1.261764
 1.261764
 1.261764
 1.261764
 1.261730
 1.261730
 1.261730
 1.261730
 1.261730
 1.261730
 1.261730
 1.261730
 1.261719
 1.261719
 1.261719
 1.261719
 1.261719
 1.261719
 1.261719
 1.261719
 1.261713
 1.261713
 1.261713
 1.261713
 1.261713
 1.261713
 1.261713
 1.261713
 1.261658
 1.261658
 1.261658
 1.261658
 1.261658
 1.261658
 1.261658
 1.261658
 1.261660
 1.261660
 1.261660
 1.261660
 1.261660
 1.261660
 1.261660
 1.261660
 1.261652
 1.261652
 1.261652
 1.261652
 1.261652
 1.261652
 1.261652
 1.261652
 1.261622
 1.261622
 1.261622
 1.261622
 1.261622
 1.261622
 1.261622
 1.261622
 1.261661
 1.261661
 1.261661
 1.261661
 1.261661
 1.261661
 1.261661
 1.261661
 1.261757
 1.261757
 1.261757
 1.261757
 1.261757
 1.261757
 1.261757
 1.261757
 1.261800
 1.261800
 1.261800
 1.261800
 1.261800
 1.261800
 1.261800
 1.261800
 1.261782
