 0.000000
 0.000000
 0.000000
 0.000000
 0.000000
 0.000000
 1.495119
 1.495119
 1.495119
 1.495119
 1.495119
 1.495119
 1.495119
 1.495119
 1.464807
 1.464807
 1.464807
 1.464807
 1.464807
 1.464807
 1.464807
 1.464807
 1.459647
 1.459647
 1.459647
 1.459647
 1.459647
 1.459647
 1.459647
 1.459647
 1.454753
 1.454753
 1.454753
 1.454753
 1.454753
 1.454753
 1.454753
 1.454753
 1.449887
 1.449887
 1.449887
 1.449887
 1.449887
 1.449887
 1.449887
 1.449887
 1.444828
 1.444828
 1.444828
 1.444828
 1.444828
 1.444828
 1.444828
 1.444828
 1.440600
 1.440600
 1.440600
 1.440600
 1.440600
 1.440600
 1.440600
 1.440600
 1.436137
 1.436137
 1.436137
 1.436137
 1.436137
 1.436137
 1.436137
 1.436137
 1.431858
 1.431858
 1.431858
 1.431858
 1.431858
 1.431858
 1.431858
 1.431858
 1.427525
 1.427525
 1.427525
 1.427525
 1.427525
 1.427525
 1.427525
 1.427525
 1.423358
 1.423358
 1.423358
 1.423358
 1.423358
 1.423358
 1.423358
 1.423358
 1.419261
 1.419261
 1.419261
 1.419261
 1.419261
 1.419261
 1.419261
 1.419261
 1.415365
 1.415365
 1.415365
 1.415365
 1.415365
 1.415365
 1.415365
 1.415365
 1.411476
 1.411476
 1.411476
 1.411476
 1.411476
 1.411476
 1.411476
 1.411476
 1.407734
 1.407734
 1.407734
 1.407734
 1.407734
 1.407734
 1.407734
 1.407734
 1.404108
 1.404108
 1.404108
 1.404108
 1.404108
 1.404108
 1.404108
 1.404108
 1.400476
 1.400476
 1.400476
 1.400476
 1.400476
 1.400476
 1.400476
 1.400476
 1.396978
 1.396978
 1.396978
 1.396978
 1.396978
 1.396978
 1.396978
 1.396978
 1.393604
 1.393604
 1.393604
 1.393604
 1.393604
 1.393604
 1.393604
 1.393604
 1.390328
 1.390328
 1.390328
 1.390328
 1.390328
 1.390328
 1.390328
 1.390328
 1.387051
 1.387051
 1.387051
 1.387051
 1.387051
 1.387051
 1.387051
 1.387051
 1.383928
 1.383928
 1.383928
 1.383928
 1.383928
 1.383928
 1.383928
 1.383928
 1.380832
 1.380832
 1.380832
 1.380832
 1.380832
 1.380832
 1.380832
 1.380832
 1.377889
 1.377889
 1.377889
 1.377889
 1.377889
 1.377889
 1.377889
 1.377889
 1.374904
 1.374904
 1.374904
 1.374904
 1.374904
 1.374904
 1.374904
 1.374904
 1.372070
 1.372070
 1.372070
 1.372070
 1.372070
 1.372070
 1.372070
 1.372070
 1.369277
 1.369277
 1.369277
 1.369277
 1.369277
 1.369277
 1.369277
 1.369277
 1.366562
 1.366562
 1.366562
 1.366562
 1.366562
 1.366562
 1.366562
 1.366562
 1.363872
 1.363872
 1.363872
 1.363872
 1.363872
 1.363872
 1.363872
 1.363872
 1.361287
 1.361287
 1.361287
 1.361287
 1.361287
 1.361287
 1.361287
 1.361287
 1.358830
 1.358830
 1.358830
 1.358830
 1.358830
 1.358830
 1.358830
 1.358830
 1.356348
 1.356348
 1.356348
 1.356348
 1.356348
 1.356348
 1.356348
 1.356348
 1.354023
 1.354023
 1.354023
 1.354023
 1.354023
 1.354023
 1.354023
 1.354023
 1.351753
 1.351753
 1.351753
 1.351753
 1.351753
 1.351753
 1.351753
 1.351753
 1.349557
 1.349557
 1.349557
 1.349557
 1.349557
 1.349557
 1.349557
 1.349557
 1.347352
 1.347352
 1.347352
 1.347352
 1.347352
 1.347352
 1.347352
 1.347352
 1.345171
 1.345171
 1.345171
 1.345171
 1.345171
 1.345171
 1.345171
 1.345171
 1.343143
 1.343143
 1.343143
 1.343143
 1.343143
 1.343143
 1.343143
 1.343143
 1.341099
 1.341099
 1.341099
 1.341099
 1.341099
 1.341099
 1.341099
 1.341099
 1.339205
 1.339205
 1.339205
 1.339205
 1.339205
 1.339205
 1.339205
 1.339205
 1.337249
 1.337249
 1.337249
 1.337249
 1.337249
 1.337249
 1.337249
 1.337249
 1.335345
 1.335345
 1.335345
 1.335345
 1.335345
 1.335345
 1.335345
 1.335345
 1.333365
 1.333365
 1.333365
 1.333365
 1.333365
 1.333365
 1.333365
 1.333365
 1.331799
 1.331799
 1.331799
 1.331799
 1.331799
 1.331799
 1.331799
 1.331799
 1.330090
 1.330090
 1.330090
 1.330090
 1.330090
 1.330090
 1.330090
 1.330090
 1.328379
 1.328379
 1.328379
 1.328379
 1.328379
 1.328379
 1.328379
 1.328379
 1.326600
 1.326600
 1.326600
 1.326600
 1.326600
 1.326600
 1.326600
 1.326600
 1.325152
 1.325152
 1.325152
 1.325152
 1.325152
 1.325152
 1.325152
 1.325152
 1.323575
 1.323575
 1.323575
 1.323575
 1.323575
 1.323575
 1.323575
 1.323575
 1.322083
 1.322083
 1.322083
 1.322083
 1.322083
 1.322083
 1.322083
 1.322083
 1.320514
 1.320514
 1.320514
 1.320514
 1.320514
 1.320514
 1.320514
 1.320514
 1.319047
 1.319047
 1.319047
 1.319047
 1.319047
 1.319047
 1.319047
 1.319047
 1.317657
 1.317657
 1.317657
 1.317657
 1.317657
 1.317657
 1.317657
 1.317657
 1.316219
 1.316219
 1.316219
 1.316219
 1.316219
 1.316219
 1.316219
 1.316219
 1.314859
 1.314859
 1.314859
 1.314859
 1.314859
 1.314859
 1.314859
 1.314859
 1.313568
 1.313568
 1.313568
 1.313568
 1.313568
 1.313568
 1.313568
 1.313568
 1.312220
 1.312220
 1.312220
 1.312220
 1.312220
 1.312220
 1.312220
 1.312220
 1.310993
 1.310993
 1.310993
 1.310993
 1.310993
 1.310993
 1.310993
 1.310993
 1.309721
 1.309721
 1.309721
 1.309721
 1.309721
 1.309721
 1.309721
 1.309721
 1.308465
 1.308465
 1.308465
 1.308465
 1.308465
 1.308465
 1.308465
 1.308465
 1.307318
 1.307318
 1.307318
 1.307318
 1.307318
 1.307318
 1.307318
 1.307318
 1.306144
 1.306144
 1.306144
 1.306144
 1.306144
 1.306144
 1.306144
 1.306144
 1.305122
 1.305122
 1.305122
 1.305122
 1.305122
 1.305122
 1.305122
 1.305122
 1.303992
 1.303992
 1.303992
 1.303992
 1.303992
 1.303992
 1.303992
 1.303992
 1.302927
 1.302927
 1.302927
 1.302927
 1.302927
 1.302927
 1.302927
 1.302927
 1.301890
 1.301890
 1.301890
 1.301890
 1.301890
 1.301890
 1.301890
 1.301890
 1.300843
 1.300843
 1.300843
 1.300843
 1.300843
 1.300843
 1.300843
 1.300843
 1.299937
 1.299937
 1.299937
 1.299937
 1.299937
 1.299937
 1.299937
 1.299937
 1.298893
 1.298893
 1.298893
 1.298893
 1.298893
 1.298893
 1.298893
 1.298893
 1.297997
 1.297997
 1.297997
 1.297997
 1.297997
 1.297997
 1.297997
 1.297997
 1.297025
 1.297025
 1.297025
 1.297025
 1.297025
 1.297025
 1.297025
 1.297025
 1.296102
 1.296102
 1.296102
 1.296102
 1.296102
 1.296102
 1.296102
 1.296102
 1.295218
 1.295218
 1.295218
 1.295218
 1.295218
 1.295218
 1.295218
 1.295218
 1.294392
 1.294392
 1.294392
 1.294392
 1.294392
 1.294392
 1.294392
 1.294392
 1.293443
 1.293443
 1.293443
 1.293443
 1.293443
 1.293443
 1.293443
 1.293443
 1.292617
 1.292617
 1.292617
 1.292617
 1.292617
 1.292617
 1.292617
 1.292617
 1.291795
 1.291795
 1.291795
 1.291795
 1.291795
 1.291795
 1.291795
 1.291795
 1.290900
 1.290900
 1.290900
 1.290900
 1.290900
 1.290900
 1.290900
 1.290900
 1.290046
 1.290046
 1.290046
 1.290046
 1.290046
 1.290046
 1.290046
 1.290046
 1.289406
 1.289406
 1.289406
 1.289406
 1.289406
 1.289406
 1.289406
 1.289406
 1.288680
 1.288680
 1.288680
 1.288680
 1.288680
 1.288680
 1.288680
 1.288680
 1.288000
 1.288000
 1.288000
 1.288000
 1.288000
 1.288000
 1.288000
 1.288000
 1.287302
 1.287302
 1.287302
 1.287302
 1.287302
 1.287302
 1.287302
 1.287302
 1.286677
 1.286677
 1.286677
 1.286677
 1.286677
 1.286677
 1.286677
 1.286677
 1.286041
 1.286041
 1.286041
 1.286041
 1.286041
 1.286041
 1.286041
 1.286041
 1.285411
 1.285411
 1.285411
 1.285411
 1.285411
 1.285411
 1.285411
 1.285411
 1.284751
 1.284751
 1.284751
 1.284751
 1.284751
 1.284751
 1.284751
 1.284751
 1.284210
 1.284210
 1.284210
 1.284210
 1.284210
 1.284210
 1.284210
 1.284210
 1.283435
 1.283435
 1.283435
 1.283435
 1.283435
 1.283435
 1.283435
 1.283435
 1.282987
 1.282987
 1.282987
 1.282987
 1.282987
 1.282987
 1.282987
 1.282987
 1.282377
 1.282377
 1.282377
 1.282377
 1.282377
 1.282377
 1.282377
 1.282377
 1.281834
 1.281834
 1.281834
 1.281834
 1.281834
 1.281834
 1.281834
 1.281834
 1.281268
 1.281268
 1.281268
 1.281268
 1.281268
 1.281268
 1.281268
 1.281268
 1.280767
 1.280767
 1.280767
 1.280767
 1.280767
 1.280767
 1.280767
 1.280767
 1.280201
 1.280201
 1.280201
 1.280201
 1.280201
 1.280201
 1.280201
 1.280201
 1.279783
 1.279783
 1.279783
 1.279783
 1.279783
 1.279783
 1.279783
 1.279783
 1.279263
 1.279263
 1.279263
 1.279263
 1.279263
 1.279263
 1.279263
 1.279263
 1.278749
 1.278749
 1.278749
 1.278749
 1.278749
 1.278749
 1.278749
 1.278749
 1.278274
 1.278274
 1.278274
 1.278274
 1.278274
 1.278274
 1.278274
 1.278274
 1.277828
 1.277828
 1.277828
 1.277828
 1.277828
 1.277828
 1.277828
 1.277828
 1.277352
 1.277352
 1.277352
 1.277352
 1.277352
 1.277352
 1.277352
 1.277352
 1.276955
 1.276955
 1.276955
 1.276955
 1.276955
 1.276955
 1.276955
 1.276955
 1.276559
 1.276559
 1.276559
 1.276559
 1.276559
 1.276559
 1.276559
 1.276559
 1.276067
 1.276067
 1.276067
 1.276067
 1.276067
 1.276067
 1.276067
 1.276067
 1.275726
 1.275726
 1.275726
 1.275726
 1.275726
 1.275726
 1.275726
 1.275726
 1.275274
 1.275274
 1.275274
 1.275274
 1.275274
 1.275274
 1.275274
 1.275274
 1.274907
 1.274907
 1.274907
 1.274907
 1.274907
 1.274907
 1.274907
 1.274907
 1.274447
 1.274447
 1.274447
 1.274447
 1.274447
 1.274447
 1.274447
 1.274447
 1.274112
 1.274112
 1.274112
 1.274112
 1.274112
 1.274112
 1.274112
 1.274112
 1.273727
 1.273727
 1.273727
 1.273727
 1.273727
 1.273727
 1.273727
 1.273727
 1.273438
 1.273438
 1.273438
 1.273438
 1.273438
 1.273438
 1.273438
 1.273438
 1.273030
 1.273030
 1.273030
 1.273030
 1.273030
 1.273030
 1.273030
 1.273030
 1.272728
 1.272728
 1.272728
 1.272728
 1.272728
 1.272728
 1.272728
 1.272728
 1.272352
 1.272352
 1.272352
 1.272352
 1.272352
 1.272352
 1.272352
 1.272352
 1.272053
 1.272053
 1.272053
 1.272053
 1.272053
 1.272053
 1.272053
 1.272053
 1.271713
 1.271713
 1.271713
 1.271713
 1.271713
 1.271713
 1.271713
 1.271713
 1.271447
 1.271447
 1.271447
 1.271447
 1.271447
 1.271447
 1.271447
 1.271447
 1.271134
 1.271134
 1.271134
 1.271134
 1.271134
 1.271134
 1.271134
 1.271134
 1.270855
 1.270855
 1.270855
 1.270855
 1.270855
 1.270855
 1.270855
 1.270855
 1.270550
 1.270550
 1.270550
 1.270550
 1.270550
 1.270550
 1.270550
 1.270550
 1.270209
 1.270209
 1.270209
 1.270209
 1.270209
 1.270209
 1.270209
 1.270209
 1.269987
 1.269987
 1.269987
 1.269987
 1.269987
 1.269987
 1.269987
 1.269987
 1.269668
 1.269668
 1.269668
 1.269668
 1.269668
 1.269668
 1.269668
 1.269668
 1.269395
 1.269395
 1.269395
 1.269395
 1.269395
 1.269395
 1.269395
 1.269395
 1.269110
 1.269110
 1.269110
 1.269110
 1.269110
 1.269110
 1.269110
 1.269110
 1.268779
 1.268779
 1.268779
 1.268779
 1.268779
 1.268779
 1.268779
 1.268779
 1.268573
 1.268573
 1.268573
 1.268573
 1.268573
 1.268573
 1.268573
 1.268573
 1.268341
 1.268341
 1.268341
 1.268341
 1.268341
 1.268341
 1.268341
 1.268341
 1.268113
 1.268113
 1.268113
 1.268113
 1.268113
 1.268113
 1.268113
 1.268113
 1.267877
 1.267877
 1.267877
 1.267877
 1.267877
 1.267877
 1.267877
 1.267877
 1.267617
 1.267617
 1.267617
 1.267617
 1.267617
 1.267617
 1.267617
 1.267617
 1.267443
 1.267443
 1.267443
 1.267443
 1.267443
 1.267443
 1.267443
 1.267443
 1.267201
 1.267201
 1.267201
 1.267201
 1.267201
 1.267201
 1.267201
 1.267201
 1.267033
 1.267033
 1.267033
 1.267033
 1.267033
 1.267033
 1.267033
 1.267033
 1.266792
 1.266792
 1.266792
 1.266792
 1.266792
 1.266792
 1.266792
 1.266792
 1.266591
 1.266591
 1.266591
 1.266591
 1.266591
 1.266591
 1.266591
 1.266591
 1.266369
 1.266369
 1.266369
 1.266369
 1.266369
 1.266369
 1.266369
 1.266369
 1.266248
 1.266248
 1.266248
 1.266248
 1.266248
 1.266248
 1.266248
 1.266248
 1.266073
 1.266073
 1.266073
 1.266073
 1.266073
 1.266073
 1.266073
 1.266073
 1.265823
 1.265823
 1.265823
 1.265823
 1.265823
 1.265823
 1.265823
 1.265823
 1.265677
 1.265677
 1.265677
 1.265677
 1.265677
 1.265677
 1.265677
 1.265677
 1.265471
 1.265471
 1.265471
 1.265471
 1.265471
 1.265471
 1.265471
 1.265471
 1.265356
 1.265356
 1.265356
 1.265356
 1.265356
 1.265356
 1.265356
 1.265356
 1.265134
 1.265134
 1.265134
 1.265134
 1.265134
 1.265134
 1.265134
 1.265134
 1.265028
 1.265028
 1.265028
 1.265028
 1.265028
 1.265028
 1.265028
 1.265028
 1.264812
 1.264812
 1.264812
 1.264812
 1.264812
 1.264812
 1.264812
 1.264812
 1.264738
 1.264738
 1.264738
 1.264738
 1.264738
 1.264738
 1.264738
 1.264738
 1.264544
 1.264544
 1.264544
 1.264544
 1.264544
 1.264544
 1.264544
 1.264544
 1.264349
 1.264349
 1.264349
 1.264349
 1.264349
 1.264349
 1.264349
 1.264349
 1.264250
 1.264250
 1.264250
 1.264250
 1.264250
 1.264250
 1.264250
 1.264250
 1.264071
 1.264071
 1.264071
 1.264071
 1.264071
 1.264071
 1.264071
 1.264071
 1.263979
 1.263979
 1.263979
 1.263979
 1.263979
 1.263979
 1.263979
 1.263979
 1.263926
 1.263926
 1.263926
 1.263926
 1.263926
 1.263926
 1.263926
 1.263926
 1.263756
 1.263756
 1.263756
 1.263756
 1.263756
 1.263756
 1.263756
 1.263756
 1.263646
 1.263646
 1.263646
 1.263646
 1.263646
 1.263646
 1.263646
 1.263646
 1.263491
 1.263491
 1.263491
 1.263491
 1.263491
 1.263491
 1.263491
 1.263491
 1.263366
 1.263366
 1.263366
 1.263366
 1.263366
 1.263366
 1.263366
 1.263366
 1.263216
 1.263216
 1.263216
 1.263216
 1.263216
 1.263216
 1.263216
 1.263216
 1.263120
 1.263120
 1.263120
 1.263120
 1.263120
 1.263120
 1.263120
 1.263120
 1.262977
 1.262977
 1.262977
 1.262977
 1.262977
 1.262977
 1.262977
 1.262977
 1.262904
 1.262904
 1.262904
 1.262904
 1.262904
 1.262904
 1.262904
 1.262904
 1.262767
 1.262767
 1.262767
 1.262767
 1.262767
 1.262767
 1.262767
 1.262767
 1.262680
 1.262680
 1.262680
 1.262680
 1.262680
 1.262680
 1.262680
 1.262680
 1.262534
 1.262534
 1.262534
 1.262534
 1.262534
 1.262534
 1.262534
 1.262534
 1.262495
 1.262495
 1.262495
 1.262495
 1.262495
 1.262495
 1.262495
 1.262495
 1.262371
 1.262371
 1.262371
 1.262371
 1.262371
 1.262371
 1.262371
 1.262371
 1.262298
 1.262298
 1.262298
 1.262298
 1.262298
 1.262298
 1.262298
 1.262298
 1.262207
 1.262207
 1.262207
 1.262207
 1.262207
 1.262207
 1.262207
 1.262207
 1.262111
 1.262111
 1.262111
 1.262111
 1.262111
 1.262111
 1.262111
 1.262111
 1.262058
 1.262058
 1.262058
 1.262058
 1.262058
 1.262058
 1.262058
 1.262058
 1.261894
 1.261894
 1.261894
 1.261894
 1.261894
 1.261894
 1.261894
 1.261894
 1.261804
 1.261804
 1.261804
 1.261804
 1.261804
 1.261804
 1.261804
 1.261804
 1.261604
 1.261604
 1.261604
 1.261604
 1.261604
 1.261604
 1.261604
 1.261604
 1.261602
 1.261602
 1.261602
 1.261602
 1.261602
 1.261602
 1.261602
 1.261602
 1.261550
 1.261550
 1.261550
 1.261550
 1.261550
 1.261550
 1.261550
 1.261550
 1.261419
 1.261419
 1.261419
 1.261419
 1.261419
 1.261419
 1.261419
 1.261419
 1.261381
 1.261381
 1.261381
 1.261381
 1.261381
 1.261381
 1.261381
 1.261381
 1.261260
 1.261260
 1.261260
 1.261260
 1.261260
 1.261260
 1.261260
 1.261260
 1.261237
 1.261237
 1.261237
 1.261237
 1.261237
 1.261237
 1.261237
 1.261237
 1.261121
 1.261121
 1.261121
 1.261121
 1.261121
 1.261121
 1.261121
 1.261121
 1.261092
 1.261092
 1.261092
 1.261092
 1.261092
 1.261092
 1.261092
 1.261092
 1.261082
 1.261082
 1.261082
 1.261082
 1.261082
 1.261082
 1.261082
 1.261082
 1.261049
 1.261049
 1.261049
 1.261049
 1.261049
 1.261049
 1.261049
 1.261049
 1.260944
 1.260944
 1.260944
 1.260944
 1.260944
 1.260944
 1.260944
 1.260944
 1.260942
 1.260942
 1.260942
 1.260942
 1.260942
 1.260942
 1.260942
 1.260942
 1.260826
 1.260826
 1.260826
 1.260826
 1.260826
 1.260826
 1.260826
 1.260826
 1.260832
 1.260832
 1.260832
 1.260832
 1.260832
 1.260832
 1.260832
 1.260832
 1.260749
 1.260749
 1.260749
 1.260749
 1.260749
 1.260749
 1.260749
 1.260749
 1.260680
 1.260680
 1.260680
 1.260680
 1.260680
 1.260680
 1.260680
 1.260680
 1.260547
 1.260547
 1.260547
 1.260547
 1.260547
 1.260547
 1.260547
 1.260547
 1.260496
 1.260496
 1.260496
 1.260496
 1.260496
 1.260496
 1.260496
 1.260496
 1.260400
 1.260400
 1.260400
 1.260400
 1.260400
 1.260400
 1.260400
 1.260400
 1.260291
 1.260291
 1.260291
 1.260291
 1.260291
 1.260291
 1.260291
 1.260291
 1.260290
 1.260290
 1.260290
 1.260290
 1.260290
 1.260290
 1.260290
 1.260290
 1.260270
 1.260270
 1.260270
 1.260270
 1.260270
 1.260270
 1.260270
 1.260270
 1.260211
 1.260211
 1.260211
 1.260211
 1.260211
 1.260211
 1.260211
 1.260211
 1.260226
 1.260226
 1.260226
 1.260226
 1.260226
 1.260226
 1.260226
 1.260226
 1.260105
 1.260105
 1.260105
 1.260105
 1.260105
 1.260105
 1.260105
 1.260105
 1.260010
 1.260010
 1.260010
 1.260010
 1.260010
 1.260010
 1.260010
 1.260010
 1.259934
 1.259934
 1.259934
 1.259934
 1.259934
 1.259934
 1.259934
 1.259934
 1.259867
 1.259867
 1.259867
 1.259867
 1.259867
 1.259867
 1.259867
 1.259867
 1.259866
 1.259866
 1.259866
 1.259866
 1.259866
 1.259866
 1.259866
 1.259866
 1.259795
 1.259795
 1.259795
 1.259795
 1.259795
 1.259795
 1.259795
 1.259795
 1.259689
 1.259689
 1.259689
 1.259689
 1.259689
 1.259689
 1.259689
 1.259689
 1.259660
 1.259660
 1.259660
 1.259660
 1.259660
 1.259660
 1.259660
 1.259660
 1.259591
 1.259591
 1.259591
 1.259591
 1.259591
 1.259591
 1.259591
 1.259591
 1.259580
 1.259580
 1.259580
 1.259580
 1.259580
 1.259580
 1.259580
 1.259580
 1.259519
 1.259519
 1.259519
 1.259519
 1.259519
 1.259519
 1.259519
 1.259519
 1.259570
 1.259570
 1.259570
 1.259570
 1.259570
 1.259570
 1.259570
 1.259570
 1.259536
 1.259536
 1.259536
 1.259536
 1.259536
 1.259536
 1.259536
 1.259536
 1.259486
 1.259486
 1.259486
 1.259486
 1.259486
 1.259486
 1.259486
 1.259486
 1.259474
 1.259474
 1.259474
 1.259474
 1.259474
 1.259474
 1.259474
 1.259474
 1.259392
 1.259392
 1.259392
 1.259392
 1.259392
 1.259392
 1.259392
 1.259392
 1.259457
 1.259457
 1.259457
 1.259457
 1.259457
 1.259457
 1.259457
 1.259457
 1.259450
 1.259450
 1.259450
 1.259450
 1.259450
 1.259450
 1.259450
 1.259450
 1.259472
 1.259472
 1.259472
 1.259472
 1.259472
 1.259472
 1.259472
 1.259472
 1.259383
 1.259383
 1.259383
 1.259383
 1.259383
 1.259383
 1.259383
 1.259383
 1.259183
 1.259183
 1.259183
 1.259183
 1.259183
 1.259183
 1.259183
 1.259183
 1.259109
 1.259109
 1.259109
 1.259109
 1.259109
 1.259109
 1.259109
 1.259109
 1.259078
 1.259078
 1.259078
 1.259078
 1.259078
 1.259078
 1.259078
 1.259078
 1.258934
 1.258934
 1.258934
 1.258934
 1.258934
 1.258934
 1.258934
 1.258934
 1.258951
 1.258951
 1.258951
 1.258951
 1.258951
 1.258951
 1.258951
 1.258951
 1.258872
 1.258872
 1.258872
 1.258872
 1.258872
 1.258872
 1.258872
 1.258872
 1.258932
 1.258932
 1.258932
 1.258932
 1.258932
 1.258932
 1.258932
 1.258932
 1.258935
 1.258935
 1.258935
 1.258935
 1.258935
 1.258935
 1.258935
 1.258935
 1.258845
 1.258845
 1.258845
 1.258845
 1.258845
 1.258845
 1.258845
 1.258845
 1.258904
 1.258904
 1.258904
 1.258904
 1.258904
 1.258904
 1.258904
 1.258904
 1.258914
 1.258914
 1.258914
 1.258914
 1.258914
 1.258914
 1.258914
 1.258914
 1.258929
 1.258929
 1.258929
 1.258929
 1.258929
 1.258929
 1.258929
 1.258929
 1.258959
 1.258959
 1.258959
 1.258959
 1.258959
 1.258959
 1.258959
 1.258959
 1.258861
 1.258861
 1.258861
 1.258861
 1.258861
 1.258861
 1.258861
 1.258861
 1.258833
 1.258833
 1.258833
 1.258833
 1.258833
 1.258833
 1.258833
 1.258833
 1.258732
 1.258732
 1.258732
 1.258732
 1.258732
 1.258732
 1.258732
 1.258732
 1.258695
 1.258695
 1.258695
 1.258695
 1.258695
 1.258695
 1.258695
 1.258695
 1.258644
 1.258644
 1.258644
 1.258644
 1.258644
 1.258644
 1.258644
 1.258644
 1.258707
 1.258707
 1.258707
 1.258707
 1.258707
 1.258707
 1.258707
 1.258707
 1.258723
 1.258723
 1.258723
 1.258723
 1.258723
 1.258723
 1.258723
 1.258723
 1.258683
 1.258683
 1.258683
 1.258683
 1.258683
 1.258683
 1.258683
 1.258683
 1.258669
 1.258669
 1.258669
 1.258669
 1.258669
 1.258669
 1.258669
 1.258669
 1.258590
 1.258590
 1.258590
 1.258590
 1.258590
 1.258590
 1.258590
 1.258590
 1.258558
 1.258558
 1.258558
 1.258558
 1.258558
 1.258558
 1.258558
 1.258558
 1.258585
 1.258585
 1.258585
 1.258585
 1.258585
 1.258585
 1.258585
 1.258585
 1.258582
 1.258582
 1.258582
 1.258582
 1.258582
 1.258582
 1.258582
 1.258582
 1.258644
 1.258644
 1.258644
 1.258644
 1.258644
 1.258644
 1.258644
 1.258644
 1.258618
 1.258618
 1.258618
 1.258618
 1.258618
 1.258618
 1.258618
 1.258618
 1.258617
 1.258617
 1.258617
 1.258617
 1.258617
 1.258617
 1.258617
 1.258617
 1.258653
 1.258653
 1.258653
 1.258653
 1.258653
 1.258653
 1.258653
 1.258653
 1.258649
 1.258649
 1.258649
 1.258649
 1.258649
 1.258649
 1.258649
 1.258649
 1.258667
 1.258667
 1.258667
 1.258667
 1.258667
 1.258667
 1.258667
 1.258667
 1.258617
 1.258617
 1.258617
 1.258617
 1.258617
 1.258617
 1.258617
 1.258617
 1.258594
 1.258594
 1.258594
 1.258594
 1.258594
 1.258594
 1.258594
 1.258594
 1.258550
 1.258550
 1.258550
 1.258550
 1.258550
 1.258550
 1.258550
 1.258550
 1.258588
 1.258588
 1.258588
 1.258588
 1.258588
 1.258588
 1.258588
 1.258588
 1.258511
 1.258511
 1.258511
 1.258511
 1.258511
 1.258511
 1.258511
 1.258511
 1.258521
 1.258521
 1.258521
 1.258521
 1.258521
 1.258521
 1.258521
 1.258521
 1.258613
 1.258613
 1.258613
 1.258613
 1.258613
 1.258613
 1.258613
 1.258613
 1.258626
 1.258626
 1.258626
 1.258626
 1.258626
 1.258626
 1.258626
 1.258626
 1.258653
 1.258653
 1.258653
 1.258653
 1.258653
 1.258653
 1.258653
 1.258653
 1.258669
 1.258669
 1.258669
 1.258669
 1.258669
 1.258669
 1.258669
 1.258669
 1.258598
 1.258598
 1.258598
 1.258598
 1.258598
 1.258598
 1.258598
 1.258598
 1.258629
 1.258629
 1.258629
 1.258629
 1.258629
 1.258629
 1.258629
 1.258629
 1.258592
 1.258592
 1.258592
 1.258592
 1.258592
 1.258592
 1.258592
 1.258592
 1.258514
 1.258514
 1.258514
 1.258514
 1.258514
 1.258514
 1.258514
 1.258514
 1.258520
 1.258520
 1.258520
 1.258520
 1.258520
 1.258520
 1.258520
 1.258520
 1.258393
 1.258393
 1.258393
 1.258393
 1.258393
 1.258393
 1.258393
 1.258393
 1.258353
 1.258353
 1.258353
 1.258353
 1.258353
 1.258353
 1.258353
 1.258353
 1.258372
 1.258372
 1.258372
 1.258372
 1.258372
 1.258372
 1.258372
 1.258372
 1.258426
 1.258426
 1.258426
 1.258426
 1.258426
 1.258426
 1.258426
 1.258426
 1.258436
 1.258436
 1.258436
 1.258436
 1.258436
 1.258436
 1.258436
 1.258436
 1.258411
 1.258411
 1.258411
 1.258411
 1.258411
 1.258411
 1.258411
 1.258411
 1.258312
 1.258312
 1.258312
 1.258312
 1.258312
 1.258312
 1.258312
 1.258312
 1.258323
 1.258323
 1.258323
 1.258323
 1.258323
 1.258323
 1.258323
 1.258323
 1.258362
 1.258362
 1.258362
 1.258362
 1.258362
 1.258362
 1.258362
 1.258362
 1.258307
 1.258307
 1.258307
 1.258307
 1.258307
 1.258307
 1.258307
 1.258307
 1.258272
 1.258272
 1.258272
 1.258272
 1.258272
 1.258272
 1.258272
 1.258272
 1.258383
 1.258383
 1.258383
 1.258383
 1.258383
 1.258383
 1.258383
 1.258383
 1.258371
 1.258371
 1.258371
 1.258371
 1.258371
 1.258371
 1.258371
 1.258371
 1.258383
 1.258383
 1.258383
 1.258383
 1.258383
 1.258383
 1.258383
 1.258383
 1.258413
 1.258413
 1.258413
 1.258413
 1.258413
 1.258413
 1.258413
 1.258413
 1.258334
 1.258334
 1.258334
 1.258334
 1.258334
 1.258334
 1.258334
 1.258334
 1.258371
 1.258371
 1.258371
 1.258371
 1.258371
 1.258371
 1.258371
 1.258371
 1.258408
 1.258408
 1.258408
 1.258408
 1.258408
 1.258408
 1.258408
 1.258408
 1.258379
 1.258379
 1.258379
 1.258379
 1.258379
 1.258379
 1.258379
 1.258379
 1.258341
 1.258341
 1.258341
 1.258341
 1.258341
 1.258341
 1.258341
 1.258341
 1.258346
 1.258346
 1.258346
 1.258346
 1.258346
 1.258346
 1.258346
 1.258346
 1.258275
 1.258275
 1.258275
 1.258275
 1.258275
 1.258275
 1.258275
 1.258275
 1.258191
 1.258191
 1.258191
 1.258191
 1.258191
 1.258191
 1.258191
 1.258191
 1.258154
 1.258154
 1.258154
 1.258154
 1.258154
 1.258154
 1.258154
 1.258154
 1.258249
 1.258249
 1.258249
 1.258249
 1.258249
 1.258249
 1.258249
 1.258249
 1.258198
 1.258198
 1.258198
 1.258198
 1.258198
 1.258198
 1.258198
 1.258198
 1.258192
 1.258192
 1.258192
 1.258192
 1.258192
 1.258192
 1.258192
 1.258192
 1.258217
 1.258217
 1.258217
 1.258217
 1.258217
 1.258217
 1.258217
 1.258217
 1.258245
 1.258245
 1.258245
 1.258245
 1.258245
 1.258245
 1.258245
 1.258245
 1.258196
 1.258196
 1.258196
 1.258196
 1.258196
 1.258196
 1.258196
 1.258196
 1.258175
 1.258175
 1.258175
 1.258175
 1.258175
 1.258175
 1.258175
 1.258175
 1.258217
 1.258217
 1.258217
 1.258217
 1.258217
 1.258217
 1.258217
 1.258217
 1.258190
 1.258190
 1.258190
 1.258190
 1.258190
 1.258190
 1.258190
 1.258190
 1.258131
 1.258131
 1.258131
 1.258131
 1.258131
 1.258131
 1.258131
 1.258131
 1.258295
 1.258295
 1.258295
 1.258295
 1.258295
 1.258295
 1.258295
 1.258295
 1.258327
 1.258327
 1.258327
 1.258327
 1.258327
 1.258327
 1.258327
 1.258327
 1.258376
 1.258376
 1.258376
 1.258376
 1.258376
 1.258376
 1.258376
 1.258376
 1.258274
 1.258274
 1.258274
 1.258274
 1.258274
 1.258274
 1.258274
 1.258274
 1.258269
 1.258269
 1.258269
 1.258269
 1.258269
 1.258269
 1.258269
 1.258269
 1.258261
 1.258261
 1.258261
 1.258261
 1.258261
 1.258261
 1.258261
 1.258261
 1.258167
 1.258167
 1.258167
 1.258167
 1.258167
 1.258167
 1.258167
 1.258167
 1.258119
 1.258119
 1.258119
 1.258119
 1.258119
 1.258119
 1.258119
 1.258119
 1.258228
 1.258228
 1.258228
 1.258228
 1.258228
 1.258228
 1.258228
 1.258228
 1.258245
 1.258245
 1.258245
 1.258245
 1.258245
 1.258245
 1.258245
 1.258245
 1.258294
 1.258294
 1.258294
 1.258294
 1.258294
 1.258294
 1.258294
 1.258294
 1.258165
 1.258165
 1.258165
 1.258165
 1.258165
 1.258165
 1.258165
 1.258165
 1.258177
 1.258177
 1.258177
 1.258177
 1.258177
 1.258177
 1.258177
 1.258177
 1.257980
 1.257980
 1.257980
 1.257980
 1.257980
 1.257980
 1.257980
 1.257980
 1.258016
 1.258016
 1.258016
 1.258016
 1.258016
 1.258016
 1.258016
 1.258016
 1.257972
 1.257972
 1.257972
 1.257972
 1.257972
 1.257972
 1.257972
 1.257972
 1.257976
 1.257976
 1.257976
 1.257976
 1.257976
 1.257976
 1.257976
 1.257976
 1.257952
 1.257952
 1.257952
 1.257952
 1.257952
 1.257952
 1.257952
 1.257952
 1.257929
 1.257929
 1.257929
 1.257929
 1.257929
 1.257929
 1.257929
 1.257929
 1.257897
 1.257897
 1.257897
 1.257897
 1.257897
 1.257897
 1.257897
 1.257897
 1.257941
 1.257941
 1.257941
 1.257941
 1.257941
 1.257941
 1.257941
 1.257941
 1.258035
 1.258035
 1.258035
 1.258035
 1.258035
 1.258035
 1.258035
 1.258035
 1.258014
 1.258014
 1.258014
 1.258014
 1.258014
 1.258014
 1.258014
 1.258014
 1.257987
 1.257987
 1.257987
 1.257987
 1.257987
 1.257987
 1.257987
 1.257987
 1.257928
 1.257928
 1.257928
 1.257928
 1.257928
 1.257928
 1.257928
 1.257928
 1.257896
 1.257896
 1.257896
 1.257896
 1.257896
 1.257896
 1.257896
 1.257896
 1.257866
 1.257866
 1.257866
 1.257866
 1.257866
 1.257866
 1.257866
 1.257866
 1.257881
 1.257881
 1.257881
 1.257881
 1.257881
 1.257881
 1.257881
 1.257881
 1.257861
 1.257861
 1.257861
 1.257861
 1.257861
 1.257861
 1.257861
 1.257861
 1.257817
 1.257817
 1.257817
 1.257817
 1.257817
 1.257817
 1.257817
 1.257817
 1.257850
 1.257850
 1.257850
 1.257850
 1.257850
 1.257850
 1.257850
 1.257850
 1.257783
 1.257783
 1.257783
 1.257783
 1.257783
 1.257783
 1.257783
 1.257783
 1.257840
 1.257840
 1.257840
 1.257840
 1.257840
 1.257840
 1.257840
 1.257840
 1.257834
 1.257834
 1.257834
 1.257834
 1.257834
 1.257834
 1.257834
 1.257834
 1.257892
 1.257892
 1.257892
 1.257892
 1.257892
 1.257892
 1.257892
 1.257892
 1.257899
 1.257899
 1.257899
 1.257899
 1.257899
 1.257899
 1.257899
 1.257899
 1.257961
 1.257961
 1.257961
 1.257961
 1.257961
 1.257961
 1.257961
 1.257961
 1.258019
 1.258019
 1.258019
 1.258019
 1.258019
 1.258019
 1.258019
 1.258019
 1.257991
 1.257991
 1.257991
 1.257991
 1.257991
 1.257991
 1.257991
 1.257991
 1.257994
 1.257994
 1.257994
 1.257994
 1.257994
 1.257994
 1.257994
 1.257994
 1.257923
 1.257923
 1.257923
 1.257923
 1.257923
 1.257923
 1.257923
 1.257923
 1.257953
 1.257953
 1.257953
 1.257953
 1.257953
 1.257953
 1.257953
 1.257953
 1.258019
 1.258019
 1.258019
 1.258019
 1.258019
 1.258019
 1.258019
 1.258019
 1.258070
 1.258070
 1.258070
 1.258070
 1.258070
 1.258070
 1.258070
 1.258070
 1.258075
 1.258075
 1.258075
 1.258075
 1.258075
 1.258075
 1.258075
 1.258075
 1.258060
 1.258060
 1.258060
 1.258060
 1.258060
 1.258060
 1.258060
 1.258060
 1.258173
 1.258173
 1.258173
 1.258173
 1.258173
 1.258173
 1.258173
 1.258173
 1.258208
 1.258208
 1.258208
 1.258208
 1.258208
 1.258208
 1.258208
 1.258208
 1.258150
 1.258150
 1.258150
 1.258150
 1.258150
 1.258150
 1.258150
 1.258150
 1.258153
 1.258153
 1.258153
 1.258153
 1.258153
 1.258153
 1.258153
 1.258153
 1.258093
 1.258093
 1.258093
 1.258093
 1.258093
 1.258093
 1.258093
 1.258093
 1.258104
 1.258104
 1.258104
 1.258104
 1.258104
 1.258104
 1.258104
 1.258104
 1.258095
 1.258095
 1.258095
 1.258095
 1.258095
 1.258095
 1.258095
 1.258095
 1.258170
 1.258170
 1.258170
 1.258170
 1.258170
 1.258170
 1.258170
 1.258170
 1.258267
 1.258267
 1.258267
 1.258267
 1.258267
 1.258267
 1.258267
 1.258267
 1.258141
 1.258141
 1.258141
 1.258141
 1.258141
 1.258141
 1.258141
 1.258141
 1.258132
 1.258132
 1.258132
 1.258132
 1.258132
 1.258132
 1.258132
 1.258132
 1.258058
 1.258058
 1.258058
 1.258058
 1.258058
 1.258058
 1.258058
 1.258058
 1.257969
 1.257969
 1.257969
 1.257969
 1.257969
 1.257969
 1.257969
 1.257969
 1.257862
 1.257862
 1.257862
 1.257862
 1.257862
 1.257862
 1.257862
 1.257862
 1.257801
 1.257801
 1.257801
 1.257801
 1.257801
 1.257801
 1.257801
 1.257801
 1.257747
 1.257747
 1.257747
 1.257747
 1.257747
 1.257747
 1.257747
 1.257747
 1.257755
 1.257755
 1.257755
 1.257755
 1.257755
 1.257755
 1.257755
 1.257755
 1.257750
 1.257750
 1.257750
 1.257750
 1.257750
 1.257750
 1.257750
 1.257750
 1.257714
 1.257714
 1.257714
 1.257714
 1.257714
 1.257714
 1.257714
 1.257714
 1.257784
 1.257784
 1.257784
 1.257784
 1.257784
 1.257784
 1.257784
 1.257784
 1.257721
 1.257721
 1.257721
 1.257721
 1.257721
 1.257721
 1.257721
 1.257721
 1.257738
 1.257738
 1.257738
 1.257738
 1.257738
 1.257738
 1.257738
 1.257738
 1.257789
 1.257789
 1.257789
 1.257789
 1.257789
 1.257789
 1.257789
 1.257789
 1.257824
 1.257824
 1.257824
 1.257824
 1.257824
 1.257824
 1.257824
 1.257824
 1.257798
 1.257798
 1.257798
 1.257798
 1.257798
 1.257798
 1.257798
 1.257798
 1.257823
 1.257823
 1.257823
 1.257823
 1.257823
 1.257823
 1.257823
 1.257823
 1.257932
 1.257932
 1.257932
 1.257932
 1.257932
 1.257932
 1.257932
 1.257932
 1.257844
 1.257844
 1.257844
 1.257844
 1.257844
 1.257844
 1.257844
 1.257844
 1.257849
 1.257849
 1.257849
 1.257849
 1.257849
 1.257849
 1.257849
 1.257849
 1.257771
 1.257771
 1.257771
 1.257771
 1.257771
 1.257771
 1.257771
 1.257771
 1.257597
 1.257597
 1.257597
 1.257597
 1.257597
 1.257597
 1.257597
 1.257597
 1.257717
 1.257717
 1.257717
 1.257717
 1.257717
 1.257717
 1.257717
 1.257717
 1.257802
 1.257802
 1.257802
 1.257802
 1.257802
 1.257802
 1.257802
 1.257802
 1.257782
 1.257782
 1.257782
 1.257782
 1.257782
 1.257782
 1.257782
 1.257782
 1.257795
 1.257795
 1.257795
 1.257795
 1.257795
 1.257795
 1.257795
 1.257795
 1.257841
 1.257841
 1.257841
 1.257841
 1.257841
 1.257841
 1.257841
 1.257841
 1.257889
 1.257889
 1.257889
 1.257889
 1.257889
 1.257889
 1.257889
 1.257889
 1.257973
 1.257973
 1.257973
 1.257973
 1.257973
 1.257973
 1.257973
 1.257973
 1.257937
 1.257937
 1.257937
 1.257937
 1.257937
 1.257937
 1.257937
 1.257937
 1.257993
 1.257993
 1.257993
 1.257993
 1.257993
 1.257993
 1.257993
 1.257993
 1.257979
 1.257979
 1.257979
 1.257979
 1.257979
 1.257979
 1.257979
 1.257979
 1.257898
 1.257898
 1.257898
 1.257898
 1.257898
 1.257898
 1.257898
 1.257898
 1.257883
 1.257883
 1.257883
 1.257883
 1.257883
 1.257883
 1.257883
 1.257883
 1.257926
 1.257926
 1.257926
 1.257926
 1.257926
 1.257926
 1.257926
 1.257926
 1.257962
 1.257962
 1.257962
 1.257962
 1.257962
 1.257962
 1.257962
 1.257962
 1.257953
 1.257953
 1.257953
 1.257953
 1.257953
 1.257953
 1.257953
 1.257953
 1.257966
 1.257966
 1.257966
 1.257966
 1.257966
 1.257966
 1.257966
 1.257966
 1.258002
 1.258002
 1.258002
 1.258002
 1.258002
 1.258002
 1.258002
 1.258002
 1.257943
 1.257943
 1.257943
 1.257943
 1.257943
 1.257943
 1.257943
 1.257943
 1.257935
 1.257935
 1.257935
 1.257935
 1.257935
 1.257935
 1.257935
 1.257935
 1.257865
 1.257865
 1.257865
 1.257865
 1.257865
 1.257865
 1.257865
 1.257865
 1.257883
 1.257883
 1.257883
 1.257883
 1.257883
 1.257883
 1.257883
 1.257883
 1.257857
 1.257857
 1.257857
 1.257857
 1.257857
 1.257857
 1.257857
 1.257857
 1.257832
 1.257832
 1.257832
 1.257832
 1.257832
 1.257832
 1.257832
 1.257832
 1.257852
 1.257852
 1.257852
 1.257852
 1.257852
 1.257852
 1.257852
 1.257852
 1.257778
 1.257778
 1.257778
 1.257778
 1.257778
 1.257778
 1.257778
 1.257778
 1.257746
 1.257746
 1.257746
 1.257746
 1.257746
 1.257746
 1.257746
 1.257746
 1.257725
 1.257725
 1.257725
 1.257725
 1.257725
 1.257725
 1.257725
 1.257725
 1.257636
 1.257636
 1.257636
 1.257636
 1.257636
 1.257636
 1.257636
 1.257636
 1.257642
 1.257642
 1.257642
 1.257642
 1.257642
 1.257642
 1.257642
 1.257642
 1.257626
 1.257626
 1.257626
 1.257626
 1.257626
 1.257626
 1.257626
 1.257626
 1.257661
 1.257661
 1.257661
 1.257661
 1.257661
 1.257661
 1.257661
 1.257661
 1.257572
 1.257572
 1.257572
 1.257572
 1.257572
 1.257572
 1.257572
 1.257572
 1.257692
 1.257692
 1.257692
 1.257692
 1.257692
 1.257692
 1.257692
 1.257692
 1.257770
 1.257770
 1.257770
 1.257770
 1.257770
 1.257770
 1.257770
 1.257770
 1.257731
 1.257731
 1.257731
 1.257731
 1.257731
 1.257731
 1.257731
 1.257731
 1.257677
 1.257677
 1.257677
 1.257677
 1.257677
 1.257677
 1.257677
 1.257677
 1.257685
 1.257685
 1.257685
 1.257685
 1.257685
 1.257685
 1.257685
 1.257685
 1.257676
 1.257676
 1.257676
 1.257676
 1.257676
 1.257676
 1.257676
 1.257676
 1.257643
 1.257643
 1.257643
 1.257643
 1.257643
 1.257643
 1.257643
 1.257643
 1.257701
 1.257701
 1.257701
 1.257701
 1.257701
 1.257701
 1.257701
 1.257701
 1.257674
 1.257674
 1.257674
 1.257674
 1.257674
 1.257674
 1.257674
 1.257674
 1.257635
 1.257635
 1.257635
 1.257635
 1.257635
 1.257635
 1.257635
 1.257635
 1.257655
 1.257655
 1.257655
 1.257655
 1.257655
 1.257655
 1.257655
 1.257655
 1.257576
 1.257576
 1.257576
 1.257576
 1.257576
 1.257576
 1.257576
 1.257576
 1.257543
 1.257543
 1.257543
 1.257543
 1.257543
 1.257543
 1.257543
 1.257543
 1.257536
 1.257536
 1.257536
 1.257536
 1.257536
 1.257536
 1.257536
 1.257536
 1.257503
 1.257503
 1.257503
 1.257503
 1.257503
 1.257503
 1.257503
 1.257503
 1.257486
 1.257486
 1.257486
 1.257486
 1.257486
 1.257486
 1.257486
 1.257486
 1.257587
 1.257587
 1.257587
 1.257587
 1.257587
 1.257587
 1.257587
 1.257587
 1.257573
 1.257573
 1.257573
 1.257573
 1.257573
 1.257573
 1.257573
 1.257573
 1.257531
 1.257531
 1.257531
 1.257531
 1.257531
 1.257531
 1.257531
 1.257531
 1.257597
 1.257597
 1.257597
 1.257597
 1.257597
 1.257597
 1.257597
 1.257597
 1.257605
 1.257605
 1.257605
 1.257605
 1.257605
 1.257605
 1.257605
 1.257605
 1.257660
 1.257660
 1.257660
 1.257660
 1.257660
 1.257660
 1.257660
 1.257660
 1.257685
 1.257685
 1.257685
 1.257685
 1.257685
 1.257685
 1.257685
 1.257685
 1.257738
 1.257738
 1.257738
 1.257738
 1.257738
 1.257738
 1.257738
 1.257738
 1.257786
 1.257786
 1.257786
 1.257786
 1.257786
 1.257786
 1.257786
 1.257786
 1.257808
 1.257808
 1.257808
 1.257808
 1.257808
 1.257808
 1.257808
 1.257808
 1.257794
 1.257794
 1.257794
 1.257794
 1.257794
 1.257794
 1.257794
 1.257794
 1.257770
 1.257770
 1.257770
 1.257770
 1.257770
 1.257770
 1.257770
 1.257770
 1.257746
 1.257746
 1.257746
 1.257746
 1.257746
 1.257746
 1.257746
 1.257746
 1.257711
 1.257711
 1.257711
 1.257711
 1.257711
 1.257711
 1.257711
 1.257711
 1.257715
 1.257715
 1.257715
 1.257715
 1.257715
 1.257715
 1.257715
 1.257715
 1.257747
 1.257747
 1.257747
 1.257747
 1.257747
 1.257747
 1.257747
 1.257747
 1.257826
 1.257826
 1.257826
 1.257826
 1.257826
 1.257826
 1.257826
 1.257826
 1.257780
 1.257780
 1.257780
 1.257780
 1.257780
 1.257780
 1.257780
 1.257780
 1.257843
 1.257843
 1.257843
 1.257843
 1.257843
 1.257843
 1.257843
 1.257843
 1.257718
 1.257718
 1.257718
 1.257718
 1.257718
 1.257718
 1.257718
 1.257718
 1.257758
 1.257758
 1.257758
 1.257758
 1.257758
 1.257758
 1.257758
 1.257758
 1.257679
 1.257679
 1.257679
 1.257679
 1.257679
 1.257679
 1.257679
 1.257679
 1.257718
 1.257718
 1.257718
 1.257718
 1.257718
 1.257718
 1.257718
 1.257718
 1.257711
 1.257711
 1.257711
 1.257711
 1.257711
 1.257711
 1.257711
 1.257711
 1.257637
 1.257637
 1.257637
 1.257637
 1.257637
 1.257637
 1.257637
 1.257637
 1.257662
 1.257662
 1.257662
 1.257662
 1.257662
 1.257662
 1.257662
 1.257662
 1.257558
 1.257558
 1.257558
 1.257558
 1.257558
 1.257558
 1.257558
 1.257558
 1.257463
 1.257463
 1.257463
 1.257463
 1.257463
 1.257463
 1.257463
 1.257463
 1.257477
 1.257477
 1.257477
 1.257477
 1.257477
 1.257477
 1.257477
 1.257477
 1.257504
 1.257504
 1.257504
 1.257504
 1.257504
 1.257504
 1.257504
 1.257504
 1.257544
 1.257544
 1.257544
 1.257544
 1.257544
 1.257544
 1.257544
 1.257544
 1.257533
 1.257533
 1.257533
 1.257533
 1.257533
 1.257533
 1.257533
 1.257533
 1.257558
 1.257558
 1.257558
 1.257558
 1.257558
 1.257558
 1.257558
 1.257558
 1.257617
 1.257617
 1.257617
 1.257617
 1.257617
 1.257617
 1.257617
 1.257617
 1.257647
 1.257647
 1.257647
 1.257647
 1.257647
 1.257647
 1.257647
 1.257647
 1.257626
 1.257626
 1.257626
 1.257626
 1.257626
 1.257626
 1.257626
 1.257626
 1.257640
 1.257640
 1.257640
 1.257640
 1.257640
 1.257640
 1.257640
 1.257640
 1.257607
 1.257607
 1.257607
 1.257607
 1.257607
 1.257607
 1.257607
 1.257607
 1.257582
 1.257582
 1.257582
 1.257582
 1.257582
 1.257582
 1.257582
 1.257582
 1.257560
 1.257560
 1.257560
 1.257560
 1.257560
 1.257560
 1.257560
 1.257560
 1.257491
 1.257491
 1.257491
 1.257491
 1.257491
 1.257491
 1.257491
 1.257491
 1.257594
 1.257594
 1.257594
 1.257594
 1.257594
 1.257594
 1.257594
 1.257594
 1.257662
 1.257662
 1.257662
 1.257662
 1.257662
 1.257662
 1.257662
 1.257662
 1.257642
 1.257642
 1.257642
 1.257642
 1.257642
 1.257642
 1.257642
 1.257642
 1.257753
 1.257753
 1.257753
 1.257753
 1.257753
 1.257753
 1.257753
 1.257753
