 0.000000
 0.000000
 0.000000
 0.000000
 0.000000
 0.000000
 0.000000
 1.521391
 1.521391
 1.521391
 1.521391
 1.521391
 1.521391
 1.521391
 1.521391
 1.514490
 1.514490
 1.514490
 1.514490
 1.514490
 1.514490
 1.514490
 1.514490
 1.507698
 1.507698
 1.507698
 1.507698
 1.507698
 1.507698
 1.507698
 1.507698
 1.501240
 1.501240
 1.501240
 1.501240
 1.501240
 1.501240
 1.501240
 1.501240
 1.494850
 1.494850
 1.494850
 1.494850
 1.494850
 1.494850
 1.494850
 1.494850
 1.488361
 1.488361
 1.488361
 1.488361
 1.488361
 1.488361
 1.488361
 1.488361
 1.482790
 1.482790
 1.482790
 1.482790
 1.482790
 1.482790
 1.482790
 1.482790
 1.476961
 1.476961
 1.476961
 1.476961
 1.476961
 1.476961
 1.476961
 1.476961
 1.471319
 1.471319
 1.471319
 1.471319
 1.471319
 1.471319
 1.471319
 1.471319
 1.465765
 1.465765
 1.465765
 1.465765
 1.465765
 1.465765
 1.465765
 1.465765
 1.460428
 1.460428
 1.460428
 1.460428
 1.460428
 1.460428
 1.460428
 1.460428
 1.455168
 1.455168
 1.455168
 1.455168
 1.455168
 1.455168
 1.455168
 1.455168
 1.450121
 1.450121
 1.450121
 1.450121
 1.450121
 1.450121
 1.450121
 1.450121
 1.445153
 1.445153
 1.445153
 1.445153
 1.445153
 1.445153
 1.445153
 1.445153
 1.469844
 1.469844
 1.469844
 1.469844
 1.469844
 1.469844
 1.469844
 1.469844
 1.430541
 1.430541
 1.430541
 1.430541
 1.430541
 1.430541
 1.430541
 1.430541
 1.426227
 1.426227
 1.426227
 1.426227
 1.426227
 1.426227
 1.426227
 1.426227
 1.421806
 1.421806
 1.421806
 1.421806
 1.421806
 1.421806
 1.421806
 1.421806
 1.417643
 1.417643
 1.417643
 1.417643
 1.417643
 1.417643
 1.417643
 1.417643
 1.413640
 1.413640
 1.413640
 1.413640
 1.413640
 1.413640
 1.413640
 1.413640
 1.409635
 1.409635
 1.409635
 1.409635
 1.409635
 1.409635
 1.409635
 1.409635
 1.405792
 1.405792
 1.405792
 1.405792
 1.405792
 1.405792
 1.405792
 1.405792
 1.401984
 1.401984
 1.401984
 1.401984
 1.401984
 1.401984
 1.401984
 1.401984
 1.398230
 1.398230
 1.398230
 1.398230
 1.398230
 1.398230
 1.398230
 1.398230
 1.394592
 1.394592
 1.394592
 1.394592
 1.394592
 1.394592
 1.394592
 1.394592
 1.391067
 1.391067
 1.391067
 1.391067
 1.391067
 1.391067
 1.391067
 1.391067
 1.387689
 1.387689
 1.387689
 1.387689
 1.387689
 1.387689
 1.387689
 1.387689
 1.384356
 1.384356
 1.384356
 1.384356
 1.384356
 1.384356
 1.384356
 1.384356
 1.381165
 1.381165
 1.381165
 1.381165
 1.381165
 1.381165
 1.381165
 1.381165
 1.377992
 1.377992
 1.377992
 1.377992
 1.377992
 1.377992
 1.377992
 1.377992
 1.374973
 1.374973
 1.374973
 1.374973
 1.374973
 1.374973
 1.374973
 1.374973
 1.371946
 1.371946
 1.371946
 1.371946
 1.371946
 1.371946
 1.371946
 1.371946
 1.369202
 1.369202
 1.369202
 1.369202
 1.369202
 1.369202
 1.369202
 1.369202
 1.366379
 1.366379
 1.366379
 1.366379
 1.366379
 1.366379
 1.366379
 1.366379
 1.363763
 1.363763
 1.363763
 1.363763
 1.363763
 1.363763
 1.363763
 1.363763
 1.361108
 1.361108
 1.361108
 1.361108
 1.361108
 1.361108
 1.361108
 1.361108
 1.358526
 1.358526
 1.358526
 1.358526
 1.358526
 1.358526
 1.358526
 1.358526
 1.356065
 1.356065
 1.356065
 1.356065
 1.356065
 1.356065
 1.356065
 1.356065
 1.353580
 1.353580
 1.353580
 1.353580
 1.353580
 1.353580
 1.353580
 1.353580
 1.351296
 1.351296
 1.351296
 1.351296
 1.351296
 1.351296
 1.351296
 1.351296
 1.348916
 1.348916
 1.348916
 1.348916
 1.348916
 1.348916
 1.348916
 1.348916
 1.346595
 1.346595
 1.346595
 1.346595
 1.346595
 1.346595
 1.346595
 1.346595
 1.344296
 1.344296
 1.344296
 1.344296
 1.344296
 1.344296
 1.344296
 1.344296
 1.342327
 1.342327
 1.342327
 1.342327
 1.342327
 1.342327
 1.342327
 1.342327
 1.340253
 1.340253
 1.340253
 1.340253
 1.340253
 1.340253
 1.340253
 1.340253
 1.338225
 1.338225
 1.338225
 1.338225
 1.338225
 1.338225
 1.338225
 1.338225
 1.336070
 1.336070
 1.336070
 1.336070
 1.336070
 1.336070
 1.336070
 1.336070
 1.334278
 1.334278
 1.334278
 1.334278
 1.334278
 1.334278
 1.334278
 1.334278
 1.332370
 1.332370
 1.332370
 1.332370
 1.332370
 1.332370
 1.332370
 1.332370
 1.330600
 1.330600
 1.330600
 1.330600
 1.330600
 1.330600
 1.330600
 1.330600
 1.328870
 1.328870
 1.328870
 1.328870
 1.328870
 1.328870
 1.328870
 1.328870
 1.327123
 1.327123
 1.327123
 1.327123
 1.327123
 1.327123
 1.327123
 1.327123
 1.325458
 1.325458
 1.325458
 1.325458
 1.325458
 1.325458
 1.325458
 1.325458
 1.323783
 1.323783
 1.323783
 1.323783
 1.323783
 1.323783
 1.323783
 1.323783
 1.322116
 1.322116
 1.322116
 1.322116
 1.322116
 1.322116
 1.322116
 1.322116
 1.320599
 1.320599
 1.320599
 1.320599
 1.320599
 1.320599
 1.320599
 1.320599
 1.319051
 1.319051
 1.319051
 1.319051
 1.319051
 1.319051
 1.319051
 1.319051
 1.317600
 1.317600
 1.317600
 1.317600
 1.317600
 1.317600
 1.317600
 1.317600
 1.316180
 1.316180
 1.316180
 1.316180
 1.316180
 1.316180
 1.316180
 1.316180
 1.314729
 1.314729
 1.314729
 1.314729
 1.314729
 1.314729
 1.314729
 1.314729
 1.313404
 1.313404
 1.313404
 1.313404
 1.313404
 1.313404
 1.313404
 1.313404
 1.311991
 1.311991
 1.311991
 1.311991
 1.311991
 1.311991
 1.311991
 1.311991
 1.310659
 1.310659
 1.310659
 1.310659
 1.310659
 1.310659
 1.310659
 1.310659
 1.309367
 1.309367
 1.309367
 1.309367
 1.309367
 1.309367
 1.309367
 1.309367
 1.308053
 1.308053
 1.308053
 1.308053
 1.308053
 1.308053
 1.308053
 1.308053
 1.306913
 1.306913
 1.306913
 1.306913
 1.306913
 1.306913
 1.306913
 1.306913
 1.305705
 1.305705
 1.305705
 1.305705
 1.305705
 1.305705
 1.305705
 1.305705
 1.304516
 1.304516
 1.304516
 1.304516
 1.304516
 1.304516
 1.304516
 1.304516
 1.303383
 1.303383
 1.303383
 1.303383
 1.303383
 1.303383
 1.303383
 1.303383
 1.302292
 1.302292
 1.302292
 1.302292
 1.302292
 1.302292
 1.302292
 1.302292
 1.301156
 1.301156
 1.301156
 1.301156
 1.301156
 1.301156
 1.301156
 1.301156
 1.300143
 1.300143
 1.300143
 1.300143
 1.300143
 1.300143
 1.300143
 1.300143
 1.299089
 1.299089
 1.299089
 1.299089
 1.299089
 1.299089
 1.299089
 1.299089
 1.298164
 1.298164
 1.298164
 1.298164
 1.298164
 1.298164
 1.298164
 1.298164
 1.297189
 1.297189
 1.297189
 1.297189
 1.297189
 1.297189
 1.297189
 1.297189
 1.296205
 1.296205
 1.296205
 1.296205
 1.296205
 1.296205
 1.296205
 1.296205
 1.295310
 1.295310
 1.295310
 1.295310
 1.295310
 1.295310
 1.295310
 1.295310
 1.294271
 1.294271
 1.294271
 1.294271
 1.294271
 1.294271
 1.294271
 1.294271
 1.293437
 1.293437
 1.293437
 1.293437
 1.293437
 1.293437
 1.293437
 1.293437
 1.292628
 1.292628
 1.292628
 1.292628
 1.292628
 1.292628
 1.292628
 1.292628
 1.291768
 1.291768
 1.291768
 1.291768
 1.291768
 1.291768
 1.291768
 1.291768
 1.290988
 1.290988
 1.290988
 1.290988
 1.290988
 1.290988
 1.290988
 1.290988
 1.290120
 1.290120
 1.290120
 1.290120
 1.290120
 1.290120
 1.290120
 1.290120
 1.289377
 1.289377
 1.289377
 1.289377
 1.289377
 1.289377
 1.289377
 1.289377
 1.288564
 1.288564
 1.288564
 1.288564
 1.288564
 1.288564
 1.288564
 1.288564
 1.287859
 1.287859
 1.287859
 1.287859
 1.287859
 1.287859
 1.287859
 1.287859
 1.287097
 1.287097
 1.287097
 1.287097
 1.287097
 1.287097
 1.287097
 1.287097
 1.286400
 1.286400
 1.286400
 1.286400
 1.286400
 1.286400
 1.286400
 1.286400
 1.285610
 1.285610
 1.285610
 1.285610
 1.285610
 1.285610
 1.285610
 1.285610
 1.285052
 1.285052
 1.285052
 1.285052
 1.285052
 1.285052
 1.285052
 1.285052
 1.284405
 1.284405
 1.284405
 1.284405
 1.284405
 1.284405
 1.284405
 1.284405
 1.283785
 1.283785
 1.283785
 1.283785
 1.283785
 1.283785
 1.283785
 1.283785
 1.283167
 1.283167
 1.283167
 1.283167
 1.283167
 1.283167
 1.283167
 1.283167
 1.282585
 1.282585
 1.282585
 1.282585
 1.282585
 1.282585
 1.282585
 1.282585
 1.281985
 1.281985
 1.281985
 1.281985
 1.281985
 1.281985
 1.281985
 1.281985
 1.281425
 1.281425
 1.281425
 1.281425
 1.281425
 1.281425
 1.281425
 1.281425
 1.280819
 1.280819
 1.280819
 1.280819
 1.280819
 1.280819
 1.280819
 1.280819
 1.280344
 1.280344
 1.280344
 1.280344
 1.280344
 1.280344
 1.280344
 1.280344
 1.279770
 1.279770
 1.279770
 1.279770
 1.279770
 1.279770
 1.279770
 1.279770
 1.279258
 1.279258
 1.279258
 1.279258
 1.279258
 1.279258
 1.279258
 1.279258
 1.278675
 1.278675
 1.278675
 1.278675
 1.278675
 1.278675
 1.278675
 1.278675
 1.278262
 1.278262
 1.278262
 1.278262
 1.278262
 1.278262
 1.278262
 1.278262
 1.277716
 1.277716
 1.277716
 1.277716
 1.277716
 1.277716
 1.277716
 1.277716
 1.277304
 1.277304
 1.277304
 1.277304
 1.277304
 1.277304
 1.277304
 1.277304
 1.276880
 1.276880
 1.276880
 1.276880
 1.276880
 1.276880
 1.276880
 1.276880
 1.276407
 1.276407
 1.276407
 1.276407
 1.276407
 1.276407
 1.276407
 1.276407
 1.275915
 1.275915
 1.275915
 1.275915
 1.275915
 1.275915
 1.275915
 1.275915
 1.275462
 1.275462
 1.275462
 1.275462
 1.275462
 1.275462
 1.275462
 1.275462
 1.275105
 1.275105
 1.275105
 1.275105
 1.275105
 1.275105
 1.275105
 1.275105
 1.274639
 1.274639
 1.274639
 1.274639
 1.274639
 1.274639
 1.274639
 1.274639
 1.274272
 1.274272
 1.274272
 1.274272
 1.274272
 1.274272
 1.274272
 1.274272
 1.273870
 1.273870
 1.273870
 1.273870
 1.273870
 1.273870
 1.273870
 1.273870
 1.273517
 1.273517
 1.273517
 1.273517
 1.273517
 1.273517
 1.273517
 1.273517
 1.273119
 1.273119
 1.273119
 1.273119
 1.273119
 1.273119
 1.273119
 1.273119
 1.272787
 1.272787
 1.272787
 1.272787
 1.272787
 1.272787
 1.272787
 1.272787
 1.272395
 1.272395
 1.272395
 1.272395
 1.272395
 1.272395
 1.272395
 1.272395
 1.272088
 1.272088
 1.272088
 1.272088
 1.272088
 1.272088
 1.272088
 1.272088
 1.271741
 1.271741
 1.271741
 1.271741
 1.271741
 1.271741
 1.271741
 1.271741
 1.271400
 1.271400
 1.271400
 1.271400
 1.271400
 1.271400
 1.271400
 1.271400
 1.271096
 1.271096
 1.271096
 1.271096
 1.271096
 1.271096
 1.271096
 1.271096
 1.270761
 1.270761
 1.270761
 1.270761
 1.270761
 1.270761
 1.270761
 1.270761
 1.270523
 1.270523
 1.270523
 1.270523
 1.270523
 1.270523
 1.270523
 1.270523
 1.270173
 1.270173
 1.270173
 1.270173
 1.270173
 1.270173
 1.270173
 1.270173
 1.269904
 1.269904
 1.269904
 1.269904
 1.269904
 1.269904
 1.269904
 1.269904
 1.269522
 1.269522
 1.269522
 1.269522
 1.269522
 1.269522
 1.269522
 1.269522
 1.269192
 1.269192
 1.269192
 1.269192
 1.269192
 1.269192
 1.269192
 1.269192
 1.268959
 1.268959
 1.268959
 1.268959
 1.268959
 1.268959
 1.268959
 1.268959
 1.268686
 1.268686
 1.268686
 1.268686
 1.268686
 1.268686
 1.268686
 1.268686
 1.268347
 1.268347
 1.268347
 1.268347
 1.268347
 1.268347
 1.268347
 1.268347
 1.268160
 1.268160
 1.268160
 1.268160
 1.268160
 1.268160
 1.268160
 1.268160
 1.267916
 1.267916
 1.267916
 1.267916
 1.267916
 1.267916
 1.267916
 1.267916
 1.267697
 1.267697
 1.267697
 1.267697
 1.267697
 1.267697
 1.267697
 1.267697
 1.267425
 1.267425
 1.267425
 1.267425
 1.267425
 1.267425
 1.267425
 1.267425
 1.267252
 1.267252
 1.267252
 1.267252
 1.267252
 1.267252
 1.267252
 1.267252
 1.266989
 1.266989
 1.266989
 1.266989
 1.266989
 1.266989
 1.266989
 1.266989
 1.266823
 1.266823
 1.266823
 1.266823
 1.266823
 1.266823
 1.266823
 1.266823
 1.266547
 1.266547
 1.266547
 1.266547
 1.266547
 1.266547
 1.266547
 1.266547
 1.266372
 1.266372
 1.266372
 1.266372
 1.266372
 1.266372
 1.266372
 1.266372
 1.266257
 1.266257
 1.266257
 1.266257
 1.266257
 1.266257
 1.266257
 1.266257
 1.266006
 1.266006
 1.266006
 1.266006
 1.266006
 1.266006
 1.266006
 1.266006
 1.265898
 1.265898
 1.265898
 1.265898
 1.265898
 1.265898
 1.265898
 1.265898
 1.265658
 1.265658
 1.265658
 1.265658
 1.265658
 1.265658
 1.265658
 1.265658
 1.265542
 1.265542
 1.265542
 1.265542
 1.265542
 1.265542
 1.265542
 1.265542
 1.265307
 1.265307
 1.265307
 1.265307
 1.265307
 1.265307
 1.265307
 1.265307
 1.265207
 1.265207
 1.265207
 1.265207
 1.265207
 1.265207
 1.265207
 1.265207
 1.265002
 1.265002
 1.265002
 1.265002
 1.265002
 1.265002
 1.265002
 1.265002
 1.264894
 1.264894
 1.264894
 1.264894
 1.264894
 1.264894
 1.264894
 1.264894
 1.264670
 1.264670
 1.264670
 1.264670
 1.264670
 1.264670
 1.264670
 1.264670
 1.264551
 1.264551
 1.264551
 1.264551
 1.264551
 1.264551
 1.264551
 1.264551
 1.264373
 1.264373
 1.264373
 1.264373
 1.264373
 1.264373
 1.264373
 1.264373
 1.264226
 1.264226
 1.264226
 1.264226
 1.264226
 1.264226
 1.264226
 1.264226
 1.264045
 1.264045
 1.264045
 1.264045
 1.264045
 1.264045
 1.264045
 1.264045
 1.263955
 1.263955
 1.263955
 1.263955
 1.263955
 1.263955
 1.263955
 1.263955
 1.263783
 1.263783
 1.263783
 1.263783
 1.263783
 1.263783
 1.263783
 1.263783
 1.263655
 1.263655
 1.263655
 1.263655
 1.263655
 1.263655
 1.263655
 1.263655
 1.263470
 1.263470
 1.263470
 1.263470
 1.263470
 1.263470
 1.263470
 1.263470
 1.263376
 1.263376
 1.263376
 1.263376
 1.263376
 1.263376
 1.263376
 1.263376
 1.263358
 1.263358
 1.263358
 1.263358
 1.263358
 1.263358
 1.263358
 1.263358
 1.263252
 1.263252
 1.263252
 1.263252
 1.263252
 1.263252
 1.263252
 1.263252
 1.263126
 1.263126
 1.263126
 1.263126
 1.263126
 1.263126
 1.263126
 1.263126
 1.263036
 1.263036
 1.263036
 1.263036
 1.263036
 1.263036
 1.263036
 1.263036
 1.262864
 1.262864
 1.262864
 1.262864
 1.262864
 1.262864
 1.262864
 1.262864
 1.262851
 1.262851
 1.262851
 1.262851
 1.262851
 1.262851
 1.262851
 1.262851
 1.262679
 1.262679
 1.262679
 1.262679
 1.262679
 1.262679
 1.262679
 1.262679
 1.262617
 1.262617
 1.262617
 1.262617
 1.262617
 1.262617
 1.262617
 1.262617
 1.262462
 1.262462
 1.262462
 1.262462
 1.262462
 1.262462
 1.262462
 1.262462
 1.262414
 1.262414
 1.262414
 1.262414
 1.262414
 1.262414
 1.262414
 1.262414
 1.262335
 1.262335
 1.262335
 1.262335
 1.262335
 1.262335
 1.262335
 1.262335
 1.262180
 1.262180
 1.262180
 1.262180
 1.262180
 1.262180
 1.262180
 1.262180
 1.262152
 1.262152
 1.262152
 1.262152
 1.262152
 1.262152
 1.262152
 1.262152
 1.261960
 1.261960
 1.261960
 1.261960
 1.261960
 1.261960
 1.261960
 1.261960
 1.261827
 1.261827
 1.261827
 1.261827
 1.261827
 1.261827
 1.261827
 1.261827
 1.261726
 1.261726
 1.261726
 1.261726
 1.261726
 1.261726
 1.261726
 1.261726
 1.261618
 1.261618
 1.261618
 1.261618
 1.261618
 1.261618
 1.261618
 1.261618
 1.261582
 1.261582
 1.261582
 1.261582
 1.261582
 1.261582
 1.261582
 1.261582
 1.261485
 1.261485
 1.261485
 1.261485
 1.261485
 1.261485
 1.261485
 1.261485
 1.261419
 1.261419
 1.261419
 1.261419
 1.261419
 1.261419
 1.261419
 1.261419
 1.261296
 1.261296
 1.261296
 1.261296
 1.261296
 1.261296
 1.261296
 1.261296
 1.261277
 1.261277
 1.261277
 1.261277
 1.261277
 1.261277
 1.261277
 1.261277
 1.261194
 1.261194
 1.261194
 1.261194
 1.261194
 1.261194
 1.261194
 1.261194
 1.261135
 1.261135
 1.261135
 1.261135
 1.261135
 1.261135
 1.261135
 1.261135
 1.261035
 1.261035
 1.261035
 1.261035
 1.261035
 1.261035
 1.261035
 1.261035
 1.260978
 1.260978
 1.260978
 1.260978
 1.260978
 1.260978
 1.260978
 1.260978
 1.260868
 1.260868
 1.260868
 1.260868
 1.260868
 1.260868
 1.260868
 1.260868
 1.260822
 1.260822
 1.260822
 1.260822
 1.260822
 1.260822
 1.260822
 1.260822
 1.260737
 1.260737
 1.260737
 1.260737
 1.260737
 1.260737
 1.260737
 1.260737
 1.260724
 1.260724
 1.260724
 1.260724
 1.260724
 1.260724
 1.260724
 1.260724
 1.260604
 1.260604
 1.260604
 1.260604
 1.260604
 1.260604
 1.260604
 1.260604
 1.260619
 1.260619
 1.260619
 1.260619
 1.260619
 1.260619
 1.260619
 1.260619
 1.260481
 1.260481
 1.260481
 1.260481
 1.260481
 1.260481
 1.260481
 1.260481
 1.260429
 1.260429
 1.260429
 1.260429
 1.260429
 1.260429
 1.260429
 1.260429
 1.260351
 1.260351
 1.260351
 1.260351
 1.260351
 1.260351
 1.260351
 1.260351
 1.260229
 1.260229
 1.260229
 1.260229
 1.260229
 1.260229
 1.260229
 1.260229
 1.260231
 1.260231
 1.260231
 1.260231
 1.260231
 1.260231
 1.260231
 1.260231
 1.260205
 1.260205
 1.260205
 1.260205
 1.260205
 1.260205
 1.260205
 1.260205
 1.260132
 1.260132
 1.260132
 1.260132
 1.260132
 1.260132
 1.260132
 1.260132
 1.260119
 1.260119
 1.260119
 1.260119
 1.260119
 1.260119
 1.260119
 1.260119
 1.260032
 1.260032
 1.260032
 1.260032
 1.260032
 1.260032
 1.260032
 1.260032
 1.260046
 1.260046
 1.260046
 1.260046
 1.260046
 1.260046
 1.260046
 1.260046
 1.259900
 1.259900
 1.259900
 1.259900
 1.259900
 1.259900
 1.259900
 1.259900
 1.259791
 1.259791
 1.259791
 1.259791
 1.259791
 1.259791
 1.259791
 1.259791
 1.259865
 1.259865
 1.259865
 1.259865
 1.259865
 1.259865
 1.259865
 1.259865
 1.259711
 1.259711
 1.259711
 1.259711
 1.259711
 1.259711
 1.259711
 1.259711
 1.259596
 1.259596
 1.259596
 1.259596
 1.259596
 1.259596
 1.259596
 1.259596
 1.259571
 1.259571
 1.259571
 1.259571
 1.259571
 1.259571
 1.259571
 1.259571
 1.259501
 1.259501
 1.259501
 1.259501
 1.259501
 1.259501
 1.259501
 1.259501
 1.259406
 1.259406
 1.259406
 1.259406
 1.259406
 1.259406
 1.259406
 1.259406
 1.259420
 1.259420
 1.259420
 1.259420
 1.259420
 1.259420
 1.259420
 1.259420
 1.259482
 1.259482
 1.259482
 1.259482
 1.259482
 1.259482
 1.259482
 1.259482
 1.259455
 1.259455
 1.259455
 1.259455
 1.259455
 1.259455
 1.259455
 1.259455
 1.259467
 1.259467
 1.259467
 1.259467
 1.259467
 1.259467
 1.259467
 1.259467
 1.259358
 1.259358
 1.259358
 1.259358
 1.259358
 1.259358
 1.259358
 1.259358
 1.259374
 1.259374
 1.259374
 1.259374
 1.259374
 1.259374
 1.259374
 1.259374
 1.259432
 1.259432
 1.259432
 1.259432
 1.259432
 1.259432
 1.259432
 1.259432
 1.259403
 1.259403
 1.259403
 1.259403
 1.259403
 1.259403
 1.259403
 1.259403
 1.259379
 1.259379
 1.259379
 1.259379
 1.259379
 1.259379
 1.259379
 1.259379
 1.259316
 1.259316
 1.259316
 1.259316
 1.259316
 1.259316
 1.259316
 1.259316
 1.259138
 1.259138
 1.259138
 1.259138
 1.259138
 1.259138
 1.259138
 1.259138
 1.258985
 1.258985
 1.258985
 1.258985
 1.258985
 1.258985
 1.258985
 1.258985
 1.259037
 1.259037
 1.259037
 1.259037
 1.259037
 1.259037
 1.259037
 1.259037
 1.261346
 1.261346
 1.261346
 1.261346
 1.261346
 1.261346
 1.261346
 1.261346
 1.259035
 1.259035
 1.259035
 1.259035
 1.259035
 1.259035
 1.259035
 1.259035
 1.258904
 1.258904
 1.258904
 1.258904
 1.258904
 1.258904
 1.258904
 1.258904
 1.258932
 1.258932
 1.258932
 1.258932
 1.258932
 1.258932
 1.258932
 1.258932
 1.258965
 1.258965
 1.258965
 1.258965
 1.258965
 1.258965
 1.258965
 1.258965
 1.258908
 1.258908
 1.258908
 1.258908
 1.258908
 1.258908
 1.258908
 1.258908
 1.258911
 1.258911
 1.258911
 1.258911
 1.258911
 1.258911
 1.258911
 1.258911
 1.258845
 1.258845
 1.258845
 1.258845
 1.258845
 1.258845
 1.258845
 1.258845
 1.258886
 1.258886
 1.258886
 1.258886
 1.258886
 1.258886
 1.258886
 1.258886
 1.258928
 1.258928
 1.258928
 1.258928
 1.258928
 1.258928
 1.258928
 1.258928
 1.258850
 1.258850
 1.258850
 1.258850
 1.258850
 1.258850
 1.258850
 1.258850
 1.258806
 1.258806
 1.258806
 1.258806
 1.258806
 1.258806
 1.258806
 1.258806
 1.258723
 1.258723
 1.258723
 1.258723
 1.258723
 1.258723
 1.258723
 1.258723
 1.258711
 1.258711
 1.258711
 1.258711
 1.258711
 1.258711
 1.258711
 1.258711
 1.258641
 1.258641
 1.258641
 1.258641
 1.258641
 1.258641
 1.258641
 1.258641
 1.258695
 1.258695
 1.258695
 1.258695
 1.258695
 1.258695
 1.258695
 1.258695
 1.258651
 1.258651
 1.258651
 1.258651
 1.258651
 1.258651
 1.258651
 1.258651
 1.258557
 1.258557
 1.258557
 1.258557
 1.258557
 1.258557
 1.258557
 1.258557
 1.258618
 1.258618
 1.258618
 1.258618
 1.258618
 1.258618
 1.258618
 1.258618
 1.258538
 1.258538
 1.258538
 1.258538
 1.258538
 1.258538
 1.258538
 1.258538
 1.258514
 1.258514
 1.258514
 1.258514
 1.258514
 1.258514
 1.258514
 1.258514
 1.258570
 1.258570
 1.258570
 1.258570
 1.258570
 1.258570
 1.258570
 1.258570
 1.258598
 1.258598
 1.258598
 1.258598
 1.258598
 1.258598
 1.258598
 1.258598
 1.258586
 1.258586
 1.258586
 1.258586
 1.258586
 1.258586
 1.258586
 1.258586
 1.258615
 1.258615
 1.258615
 1.258615
 1.258615
 1.258615
 1.258615
 1.258615
 1.258597
 1.258597
 1.258597
 1.258597
 1.258597
 1.258597
 1.258597
 1.258597
 1.258605
 1.258605
 1.258605
 1.258605
 1.258605
 1.258605
 1.258605
 1.258605
 1.258598
 1.258598
 1.258598
 1.258598
 1.258598
 1.258598
 1.258598
 1.258598
 1.258624
 1.258624
 1.258624
 1.258624
 1.258624
 1.258624
 1.258624
 1.258624
 1.258679
 1.258679
 1.258679
 1.258679
 1.258679
 1.258679
 1.258679
 1.258679
 1.258618
 1.258618
 1.258618
 1.258618
 1.258618
 1.258618
 1.258618
 1.258618
 1.258577
 1.258577
 1.258577
 1.258577
 1.258577
 1.258577
 1.258577
 1.258577
 1.258577
 1.258577
 1.258577
 1.258577
 1.258577
 1.258577
 1.258577
 1.258577
 1.258610
 1.258610
 1.258610
 1.258610
 1.258610
 1.258610
 1.258610
 1.258610
 1.258619
 1.258619
 1.258619
 1.258619
 1.258619
 1.258619
 1.258619
 1.258619
 1.258613
 1.258613
 1.258613
 1.258613
 1.258613
 1.258613
 1.258613
 1.258613
 1.258677
 1.258677
 1.258677
 1.258677
 1.258677
 1.258677
 1.258677
 1.258677
 1.258638
 1.258638
 1.258638
 1.258638
 1.258638
 1.258638
 1.258638
 1.258638
 1.258644
 1.258644
 1.258644
 1.258644
 1.258644
 1.258644
 1.258644
 1.258644
 1.258636
 1.258636
 1.258636
 1.258636
 1.258636
 1.258636
 1.258636
 1.258636
 1.258665
 1.258665
 1.258665
 1.258665
 1.258665
 1.258665
 1.258665
 1.258665
 1.258589
 1.258589
 1.258589
 1.258589
 1.258589
 1.258589
 1.258589
 1.258589
 1.258524
 1.258524
 1.258524
 1.258524
 1.258524
 1.258524
 1.258524
 1.258524
 1.258505
 1.258505
 1.258505
 1.258505
 1.258505
 1.258505
 1.258505
 1.258505
 1.258389
 1.258389
 1.258389
 1.258389
 1.258389
 1.258389
 1.258389
 1.258389
 1.258310
 1.258310
 1.258310
 1.258310
 1.258310
 1.258310
 1.258310
 1.258310
 1.258312
 1.258312
 1.258312
 1.258312
 1.258312
 1.258312
 1.258312
 1.258312
 1.258400
 1.258400
 1.258400
 1.258400
 1.258400
 1.258400
 1.258400
 1.258400
 1.258448
 1.258448
 1.258448
 1.258448
 1.258448
 1.258448
 1.258448
 1.258448
 1.258347
 1.258347
 1.258347
 1.258347
 1.258347
 1.258347
 1.258347
 1.258347
 1.258305
 1.258305
 1.258305
 1.258305
 1.258305
 1.258305
 1.258305
 1.258305
 1.258262
 1.258262
 1.258262
 1.258262
 1.258262
 1.258262
 1.258262
 1.258262
 1.258226
 1.258226
 1.258226
 1.258226
 1.258226
 1.258226
 1.258226
 1.258226
 1.258298
 1.258298
 1.258298
 1.258298
 1.258298
 1.258298
 1.258298
 1.258298
 1.258646
 1.258646
 1.258646
 1.258646
 1.258646
 1.258646
 1.258646
 1.258646
 1.258360
 1.258360
 1.258360
 1.258360
 1.258360
 1.258360
 1.258360
 1.258360
 1.258400
 1.258400
 1.258400
 1.258400
 1.258400
 1.258400
 1.258400
 1.258400
 1.258435
 1.258435
 1.258435
 1.258435
 1.258435
 1.258435
 1.258435
 1.258435
 1.258461
 1.258461
 1.258461
 1.258461
 1.258461
 1.258461
 1.258461
 1.258461
 1.258353
 1.258353
 1.258353
 1.258353
 1.258353
 1.258353
 1.258353
 1.258353
 1.258359
 1.258359
 1.258359
 1.258359
 1.258359
 1.258359
 1.258359
 1.258359
 1.258416
 1.258416
 1.258416
 1.258416
 1.258416
 1.258416
 1.258416
 1.258416
 1.258394
 1.258394
 1.258394
 1.258394
 1.258394
 1.258394
 1.258394
 1.258394
 1.258376
 1.258376
 1.258376
 1.258376
 1.258376
 1.258376
 1.258376
 1.258376
 1.258423
 1.258423
 1.258423
 1.258423
 1.258423
 1.258423
 1.258423
 1.258423
 1.258339
 1.258339
 1.258339
 1.258339
 1.258339
 1.258339
 1.258339
 1.258339
 1.258291
 1.258291
 1.258291
 1.258291
 1.258291
 1.258291
 1.258291
 1.258291
 1.258267
 1.258267
 1.258267
 1.258267
 1.258267
 1.258267
 1.258267
 1.258267
 1.258196
 1.258196
 1.258196
 1.258196
 1.258196
 1.258196
 1.258196
 1.258196
 1.258165
 1.258165
 1.258165
 1.258165
 1.258165
 1.258165
 1.258165
 1.258165
 1.258225
 1.258225
 1.258225
 1.258225
 1.258225
 1.258225
 1.258225
 1.258225
 1.258299
 1.258299
 1.258299
 1.258299
 1.258299
 1.258299
 1.258299
 1.258299
 1.258301
 1.258301
 1.258301
 1.258301
 1.258301
 1.258301
 1.258301
 1.258301
 1.258301
 1.258301
 1.258301
 1.258301
 1.258301
 1.258301
 1.258301
 1.258301
 1.258312
 1.258312
 1.258312
 1.258312
 1.258312
 1.258312
 1.258312
 1.258312
 1.258305
 1.258305
 1.258305
 1.258305
 1.258305
 1.258305
 1.258305
 1.258305
 1.258371
 1.258371
 1.258371
 1.258371
 1.258371
 1.258371
 1.258371
 1.258371
 1.258287
 1.258287
 1.258287
 1.258287
 1.258287
 1.258287
 1.258287
 1.258287
 1.258421
 1.258421
 1.258421
 1.258421
 1.258421
 1.258421
 1.258421
 1.258421
 1.258417
 1.258417
 1.258417
 1.258417
 1.258417
 1.258417
 1.258417
 1.258417
 1.258464
 1.258464
 1.258464
 1.258464
 1.258464
 1.258464
 1.258464
 1.258464
 1.258397
 1.258397
 1.258397
 1.258397
 1.258397
 1.258397
 1.258397
 1.258397
 1.258318
 1.258318
 1.258318
 1.258318
 1.258318
 1.258318
 1.258318
 1.258318
 1.258328
 1.258328
 1.258328
 1.258328
 1.258328
 1.258328
 1.258328
 1.258328
 1.258270
 1.258270
 1.258270
 1.258270
 1.258270
 1.258270
 1.258270
 1.258270
 1.258183
 1.258183
 1.258183
 1.258183
 1.258183
 1.258183
 1.258183
 1.258183
 1.258226
 1.258226
 1.258226
 1.258226
 1.258226
 1.258226
 1.258226
 1.258226
 1.258298
 1.258298
 1.258298
 1.258298
 1.258298
 1.258298
 1.258298
 1.258298
 1.258362
 1.258362
 1.258362
 1.258362
 1.258362
 1.258362
 1.258362
 1.258362
 1.258234
 1.258234
 1.258234
 1.258234
 1.258234
 1.258234
 1.258234
 1.258234
 1.258138
 1.258138
 1.258138
 1.258138
 1.258138
 1.258138
 1.258138
 1.258138
 1.258052
 1.258052
 1.258052
 1.258052
 1.258052
 1.258052
 1.258052
 1.258052
 1.257968
 1.257968
 1.257968
 1.257968
 1.257968
 1.257968
 1.257968
 1.257968
 1.257961
 1.257961
 1.257961
 1.257961
 1.257961
 1.257961
 1.257961
 1.257961
 1.257881
 1.257881
 1.257881
 1.257881
 1.257881
 1.257881
 1.257881
 1.257881
 1.257930
 1.257930
 1.257930
 1.257930
 1.257930
 1.257930
 1.257930
 1.257930
 1.257947
 1.257947
 1.257947
 1.257947
 1.257947
 1.257947
 1.257947
 1.257947
 1.257929
 1.257929
 1.257929
 1.257929
 1.257929
 1.257929
 1.257929
 1.257929
 1.257874
 1.257874
 1.257874
 1.257874
 1.257874
 1.257874
 1.257874
 1.257874
 1.257992
 1.257992
 1.257992
 1.257992
 1.257992
 1.257992
 1.257992
 1.257992
 1.257962
 1.257962
 1.257962
 1.257962
 1.257962
 1.257962
 1.257962
 1.257962
 1.257967
 1.257967
 1.257967
 1.257967
 1.257967
 1.257967
 1.257967
 1.257967
 1.257907
 1.257907
 1.257907
 1.257907
 1.257907
 1.257907
 1.257907
 1.257907
 1.257873
 1.257873
 1.257873
 1.257873
 1.257873
 1.257873
 1.257873
 1.257873
 1.257859
 1.257859
 1.257859
 1.257859
 1.257859
 1.257859
 1.257859
 1.257859
 1.257830
 1.257830
 1.257830
 1.257830
 1.257830
 1.257830
 1.257830
 1.257830
 1.257774
 1.257774
 1.257774
 1.257774
 1.257774
 1.257774
 1.257774
 1.257774
 1.257756
 1.257756
 1.257756
 1.257756
 1.257756
 1.257756
 1.257756
 1.257756
 1.257727
 1.257727
 1.257727
 1.257727
 1.257727
 1.257727
 1.257727
 1.257727
 1.257733
 1.257733
 1.257733
 1.257733
 1.257733
 1.257733
 1.257733
 1.257733
 1.257810
 1.257810
 1.257810
 1.257810
 1.257810
 1.257810
 1.257810
 1.257810
 1.257758
 1.257758
 1.257758
 1.257758
 1.257758
 1.257758
 1.257758
 1.257758
 1.257900
 1.257900
 1.257900
 1.257900
 1.257900
 1.257900
 1.257900
 1.257900
 1.257886
 1.257886
 1.257886
 1.257886
 1.257886
 1.257886
 1.257886
 1.257886
 1.257921
 1.257921
 1.257921
 1.257921
 1.257921
 1.257921
 1.257921
 1.257921
 1.257977
 1.257977
 1.257977
 1.257977
 1.257977
 1.257977
 1.257977
 1.257977
 1.257910
 1.257910
 1.257910
 1.257910
 1.257910
 1.257910
 1.257910
 1.257910
 1.257899
 1.257899
 1.257899
 1.257899
 1.257899
 1.257899
 1.257899
 1.257899
 1.257841
 1.257841
 1.257841
 1.257841
 1.257841
 1.257841
 1.257841
 1.257841
 1.257871
 1.257871
 1.257871
 1.257871
 1.257871
 1.257871
 1.257871
 1.257871
 1.257955
 1.257955
 1.257955
 1.257955
 1.257955
 1.257955
 1.257955
 1.257955
 1.257993
 1.257993
 1.257993
 1.257993
 1.257993
 1.257993
 1.257993
 1.257993
 1.258043
 1.258043
 1.258043
 1.258043
 1.258043
 1.258043
 1.258043
 1.258043
 1.258040
 1.258040
 1.258040
 1.258040
 1.258040
 1.258040
 1.258040
 1.258040
 1.258060
 1.258060
 1.258060
 1.258060
 1.258060
 1.258060
 1.258060
 1.258060
 1.258061
 1.258061
 1.258061
 1.258061
 1.258061
 1.258061
 1.258061
 1.258061
 1.258072
 1.258072
 1.258072
 1.258072
 1.258072
 1.258072
 1.258072
 1.258072
 1.258036
 1.258036
 1.258036
 1.258036
 1.258036
 1.258036
 1.258036
 1.258036
 1.257973
 1.257973
 1.257973
 1.257973
 1.257973
 1.257973
 1.257973
 1.257973
 1.258075
 1.258075
 1.258075
 1.258075
 1.258075
 1.258075
 1.258075
 1.258075
 1.258068
 1.258068
 1.258068
 1.258068
 1.258068
 1.258068
 1.258068
 1.258068
 1.258056
 1.258056
 1.258056
 1.258056
 1.258056
 1.258056
 1.258056
 1.258056
 1.258060
 1.258060
 1.258060
 1.258060
 1.258060
 1.258060
 1.258060
 1.258060
 1.258057
 1.258057
 1.258057
 1.258057
 1.258057
 1.258057
 1.258057
 1.258057
 1.257992
 1.257992
 1.257992
 1.257992
 1.257992
 1.257992
 1.257992
 1.257992
 1.258027
 1.258027
 1.258027
 1.258027
 1.258027
 1.258027
 1.258027
 1.258027
 1.257929
 1.257929
 1.257929
 1.257929
 1.257929
 1.257929
 1.257929
 1.257929
 1.257797
 1.257797
 1.257797
 1.257797
 1.257797
 1.257797
 1.257797
 1.257797
 1.257716
 1.257716
 1.257716
 1.257716
 1.257716
 1.257716
 1.257716
 1.257716
 1.257766
 1.257766
 1.257766
 1.257766
 1.257766
 1.257766
 1.257766
 1.257766
 1.257710
 1.257710
 1.257710
 1.257710
 1.257710
 1.257710
 1.257710
 1.257710
 1.257725
 1.257725
 1.257725
 1.257725
 1.257725
 1.257725
 1.257725
 1.257725
 1.257673
 1.257673
 1.257673
 1.257673
 1.257673
 1.257673
 1.257673
 1.257673
 1.257665
 1.257665
 1.257665
 1.257665
 1.257665
 1.257665
 1.257665
 1.257665
 1.257746
 1.257746
 1.257746
 1.257746
 1.257746
 1.257746
 1.257746
 1.257746
 1.257780
 1.257780
 1.257780
 1.257780
 1.257780
 1.257780
 1.257780
 1.257780
 1.257841
 1.257841
 1.257841
 1.257841
 1.257841
 1.257841
 1.257841
 1.257841
 1.257877
 1.257877
 1.257877
 1.257877
 1.257877
 1.257877
 1.257877
 1.257877
 1.257883
 1.257883
 1.257883
 1.257883
 1.257883
 1.257883
 1.257883
 1.257883
 1.257925
 1.257925
 1.257925
 1.257925
 1.257925
 1.257925
 1.257925
 1.257925
 1.257983
 1.257983
 1.257983
 1.257983
 1.257983
 1.257983
 1.257983
 1.257983
 1.257977
 1.257977
 1.257977
 1.257977
 1.257977
 1.257977
 1.257977
 1.257977
 1.257967
 1.257967
 1.257967
 1.257967
 1.257967
 1.257967
 1.257967
 1.257967
 1.257942
 1.257942
 1.257942
 1.257942
 1.257942
 1.257942
 1.257942
 1.257942
 1.257746
 1.257746
 1.257746
 1.257746
 1.257746
 1.257746
 1.257746
 1.257746
 1.257792
 1.257792
 1.257792
 1.257792
 1.257792
 1.257792
 1.257792
 1.257792
 1.257879
 1.257879
 1.257879
 1.257879
 1.257879
 1.257879
 1.257879
 1.257879
 1.257882
 1.257882
 1.257882
 1.257882
 1.257882
 1.257882
 1.257882
 1.257882
 1.257910
 1.257910
 1.257910
 1.257910
 1.257910
 1.257910
 1.257910
 1.257910
 1.258020
 1.258020
 1.258020
 1.258020
 1.258020
 1.258020
 1.258020
 1.258020
 1.258015
 1.258015
 1.258015
 1.258015
 1.258015
 1.258015
 1.258015
 1.258015
 1.258034
 1.258034
 1.258034
 1.258034
 1.258034
 1.258034
 1.258034
 1.258034
 1.258011
 1.258011
 1.258011
 1.258011
 1.258011
 1.258011
 1.258011
 1.258011
 1.257956
 1.257956
 1.257956
 1.257956
 1.257956
 1.257956
 1.257956
 1.257956
 1.257913
 1.257913
 1.257913
 1.257913
 1.257913
 1.257913
 1.257913
 1.257913
 1.257892
 1.257892
 1.257892
 1.257892
 1.257892
 1.257892
 1.257892
 1.257892
 1.257870
 1.257870
 1.257870
 1.257870
 1.257870
 1.257870
 1.257870
 1.257870
 1.257914
 1.257914
 1.257914
 1.257914
 1.257914
 1.257914
 1.257914
 1.257914
 1.257975
 1.257975
 1.257975
 1.257975
 1.257975
 1.257975
 1.257975
 1.257975
 1.258008
 1.258008
 1.258008
 1.258008
 1.258008
 1.258008
 1.258008
 1.258008
 1.257982
 1.257982
 1.257982
 1.257982
 1.257982
 1.257982
 1.257982
 1.257982
 1.257911
 1.257911
 1.257911
 1.257911
 1.257911
 1.257911
 1.257911
 1.257911
 1.257874
 1.257874
 1.257874
 1.257874
 1.257874
 1.257874
 1.257874
 1.257874
 1.257854
 1.257854
 1.257854
 1.257854
 1.257854
 1.257854
 1.257854
 1.257854
 1.257840
 1.257840
 1.257840
 1.257840
 1.257840
 1.257840
 1.257840
 1.257840
 1.257905
 1.257905
 1.257905
 1.257905
 1.257905
 1.257905
 1.257905
 1.257905
 1.257860
 1.257860
 1.257860
 1.257860
 1.257860
 1.257860
 1.257860
 1.257860
 1.257849
 1.257849
 1.257849
 1.257849
 1.257849
 1.257849
 1.257849
 1.257849
 1.257874
 1.257874
 1.257874
 1.257874
 1.257874
 1.257874
 1.257874
 1.257874
 1.257840
 1.257840
 1.257840
 1.257840
 1.257840
 1.257840
 1.257840
 1.257840
 1.257784
 1.257784
 1.257784
 1.257784
 1.257784
 1.257784
 1.257784
 1.257784
 1.257688
 1.257688
 1.257688
 1.257688
 1.257688
 1.257688
 1.257688
 1.257688
 1.257628
 1.257628
 1.257628
 1.257628
 1.257628
 1.257628
 1.257628
 1.257628
 1.257580
 1.257580
 1.257580
 1.257580
 1.257580
 1.257580
 1.257580
 1.257580
 1.257576
 1.257576
 1.257576
 1.257576
 1.257576
 1.257576
 1.257576
 1.257576
 1.256874
 1.256874
 1.256874
 1.256874
 1.256874
 1.256874
 1.256874
 1.256874
 1.257574
 1.257574
 1.257574
 1.257574
 1.257574
 1.257574
 1.257574
 1.257574
 1.257687
 1.257687
 1.257687
 1.257687
 1.257687
 1.257687
 1.257687
 1.257687
 1.257735
 1.257735
 1.257735
 1.257735
 1.257735
 1.257735
 1.257735
 1.257735
 1.257699
 1.257699
 1.257699
 1.257699
 1.257699
 1.257699
 1.257699
 1.257699
 1.257789
 1.257789
 1.257789
 1.257789
 1.257789
 1.257789
 1.257789
 1.257789
 1.257767
 1.257767
 1.257767
 1.257767
 1.257767
 1.257767
 1.257767
 1.257767
 1.257758
 1.257758
 1.257758
 1.257758
 1.257758
 1.257758
 1.257758
 1.257758
 1.257728
 1.257728
 1.257728
 1.257728
 1.257728
 1.257728
 1.257728
 1.257728
 1.257752
 1.257752
 1.257752
 1.257752
 1.257752
 1.257752
 1.257752
 1.257752
 1.257675
 1.257675
 1.257675
 1.257675
 1.257675
 1.257675
 1.257675
 1.257675
 1.257656
 1.257656
 1.257656
 1.257656
 1.257656
 1.257656
 1.257656
 1.257656
 1.257707
 1.257707
 1.257707
 1.257707
 1.257707
 1.257707
 1.257707
 1.257707
 1.257700
 1.257700
 1.257700
 1.257700
 1.257700
 1.257700
 1.257700
 1.257700
 1.257570
 1.257570
 1.257570
 1.257570
 1.257570
 1.257570
 1.257570
 1.257570
 1.257592
 1.257592
 1.257592
 1.257592
 1.257592
 1.257592
 1.257592
 1.257592
 1.257525
 1.257525
 1.257525
 1.257525
 1.257525
 1.257525
 1.257525
 1.257525
 1.257477
 1.257477
 1.257477
 1.257477
 1.257477
 1.257477
 1.257477
 1.257477
 1.257494
 1.257494
 1.257494
 1.257494
 1.257494
 1.257494
 1.257494
 1.257494
 1.257602
 1.257602
 1.257602
 1.257602
 1.257602
 1.257602
 1.257602
 1.257602
 1.257620
 1.257620
 1.257620
 1.257620
 1.257620
 1.257620
 1.257620
 1.257620
 1.257701
 1.257701
 1.257701
 1.257701
 1.257701
 1.257701
 1.257701
 1.257701
 1.257725
 1.257725
 1.257725
 1.257725
 1.257725
 1.257725
 1.257725
 1.257725
 1.257768
 1.257768
 1.257768
 1.257768
 1.257768
 1.257768
 1.257768
 1.257768
 1.257811
 1.257811
 1.257811
 1.257811
 1.257811
 1.257811
 1.257811
 1.257811
 1.257813
 1.257813
 1.257813
 1.257813
 1.257813
 1.257813
 1.257813
 1.257813
 1.257863
 1.257863
 1.257863
 1.257863
 1.257863
 1.257863
 1.257863
 1.257863
 1.257807
 1.257807
 1.257807
 1.257807
 1.257807
 1.257807
 1.257807
 1.257807
 1.257742
 1.257742
 1.257742
 1.257742
 1.257742
 1.257742
 1.257742
 1.257742
 1.257761
 1.257761
 1.257761
 1.257761
 1.257761
 1.257761
 1.257761
 1.257761
 1.257826
 1.257826
 1.257826
 1.257826
 1.257826
 1.257826
 1.257826
 1.257826
 1.257738
 1.257738
 1.257738
 1.257738
 1.257738
 1.257738
 1.257738
 1.257738
 1.257744
 1.257744
 1.257744
 1.257744
 1.257744
 1.257744
 1.257744
 1.257744
 1.257815
 1.257815
 1.257815
 1.257815
 1.257815
 1.257815
 1.257815
 1.257815
 1.257822
 1.257822
 1.257822
 1.257822
 1.257822
 1.257822
 1.257822
 1.257822
 1.257866
 1.257866
 1.257866
 1.257866
 1.257866
 1.257866
 1.257866
 1.257866
 1.257773
 1.257773
 1.257773
 1.257773
 1.257773
 1.257773
 1.257773
 1.257773
 1.257799
 1.257799
 1.257799
 1.257799
 1.257799
 1.257799
 1.257799
 1.257799
 1.257850
 1.257850
 1.257850
 1.257850
 1.257850
 1.257850
 1.257850
 1.257850
 1.257783
 1.257783
 1.257783
 1.257783
 1.257783
 1.257783
 1.257783
 1.257783
 1.257826
 1.257826
 1.257826
 1.257826
 1.257826
 1.257826
 1.257826
 1.257826
 1.257764
 1.257764
 1.257764
 1.257764
 1.257764
 1.257764
 1.257764
 1.257764
 1.257725
 1.257725
 1.257725
 1.257725
 1.257725
 1.257725
 1.257725
 1.257725
 1.257679
 1.257679
 1.257679
 1.257679
 1.257679
 1.257679
 1.257679
 1.257679
 1.257577
 1.257577
 1.257577
 1.257577
 1.257577
 1.257577
 1.257577
 1.257577
 1.257483
 1.257483
 1.257483
 1.257483
 1.257483
 1.257483
 1.257483
 1.257483
 1.257461
 1.257461
 1.257461
 1.257461
 1.257461
 1.257461
 1.257461
 1.257461
 1.257546
 1.257546
 1.257546
 1.257546
 1.257546
 1.257546
 1.257546
 1.257546
 1.257578
 1.257578
 1.257578
 1.257578
 1.257578
 1.257578
 1.257578
 1.257578
 1.257604
 1.257604
 1.257604
 1.257604
 1.257604
 1.257604
 1.257604
 1.257604
 1.257570
 1.257570
 1.257570
 1.257570
 1.257570
 1.257570
 1.257570
 1.257570
 1.257612
 1.257612
 1.257612
 1.257612
 1.257612
 1.257612
 1.257612
 1.257612
 1.257599
 1.257599
 1.257599
 1.257599
 1.257599
 1.257599
 1.257599
 1.257599
 1.257805
 1.257805
 1.257805
 1.257805
 1.257805
 1.257805
 1.257805
 1.257805
 1.257777
 1.257777
 1.257777
 1.257777
 1.257777
 1.257777
 1.257777
 1.257777
 1.257705
 1.257705
 1.257705
 1.257705
 1.257705
 1.257705
 1.257705
 1.257705
 1.257620
 1.257620
 1.257620
 1.257620
 1.257620
 1.257620
 1.257620
 1.257620
 1.257635
 1.257635
 1.257635
 1.257635
 1.257635
 1.257635
 1.257635
 1.257635
 1.257562
 1.257562
 1.257562
 1.257562
 1.257562
 1.257562
 1.257562
 1.257562
 1.257631
 1.257631
 1.257631
 1.257631
 1.257631
 1.257631
 1.257631
 1.257631
 1.257678
 1.257678
 1.257678
 1.257678
 1.257678
 1.257678
 1.257678
 1.257678
 1.257706
 1.257706
 1.257706
 1.257706
 1.257706
 1.257706
 1.257706
 1.257706
 1.257779
 1.257779
 1.257779
 1.257779
 1.257779
 1.257779
 1.257779
