 2.654269
 2.654269
 2.654269
 2.654269
 2.654269
 2.654269
 2.654269
 2.654269
 1.779000
 1.779000
 1.779000
 1.779000
 1.779000
 1.779000
 1.779000
 1.779000
 1.766040
 1.766040
 1.766040
 1.766040
 1.766040
 1.766040
 1.766040
 1.766040
 1.753417
 1.753417
 1.753417
 1.753417
 1.753417
 1.753417
 1.753417
 1.753417
 1.741307
 1.741307
 1.741307
 1.741307
 1.741307
 1.741307
 1.741307
 1.741307
 1.729377
 1.729377
 1.729377
 1.729377
 1.729377
 1.729377
 1.729377
 1.729377
 1.717518
 1.717518
 1.717518
 1.717518
 1.717518
 1.717518
 1.717518
 1.717518
 1.706486
 1.706486
 1.706486
 1.706486
 1.706486
 1.706486
 1.706486
 1.706486
 1.695558
 1.695558
 1.695558
 1.695558
 1.695558
 1.695558
 1.695558
 1.695558
 1.684937
 1.684937
 1.684937
 1.684937
 1.684937
 1.684937
 1.684937
 1.684937
 1.674485
 1.674485
 1.674485
 1.674485
 1.674485
 1.674485
 1.674485
 1.674485
 1.664453
 1.664453
 1.664453
 1.664453
 1.664453
 1.664453
 1.664453
 1.664453
 1.654571
 1.654571
 1.654571
 1.654571
 1.654571
 1.654571
 1.654571
 1.654571
 1.645031
 1.645031
 1.645031
 1.645031
 1.645031
 1.645031
 1.645031
 1.645031
 1.635654
 1.635654
 1.635654
 1.635654
 1.635654
 1.635654
 1.635654
 1.635654
 1.623586
 1.623586
 1.623586
 1.623586
 1.623586
 1.623586
 1.623586
 1.623586
 1.614807
 1.614807
 1.614807
 1.614807
 1.614807
 1.614807
 1.614807
 1.614807
 1.606305
 1.606305
 1.606305
 1.606305
 1.606305
 1.606305
 1.606305
 1.606305
 1.597874
 1.597874
 1.597874
 1.597874
 1.597874
 1.597874
 1.597874
 1.597874
 1.589740
 1.589740
 1.589740
 1.589740
 1.589740
 1.589740
 1.589740
 1.589740
 1.581822
 1.581822
 1.581822
 1.581822
 1.581822
 1.581822
 1.581822
 1.581822
 1.574102
 1.574102
 1.574102
 1.574102
 1.574102
 1.574102
 1.574102
 1.574102
 1.566521
 1.566521
 1.566521
 1.566521
 1.566521
 1.566521
 1.566521
 1.566521
 1.559133
 1.559133
 1.559133
 1.559133
 1.559133
 1.559133
 1.559133
 1.559133
 1.551947
 1.551947
 1.551947
 1.551947
 1.551947
 1.551947
 1.551947
 1.551947
 1.544969
 1.544969
 1.544969
 1.544969
 1.544969
 1.544969
 1.544969
 1.544969
 1.538092
 1.538092
 1.538092
 1.538092
 1.538092
 1.538092
 1.538092
 1.538092
 1.531505
 1.531505
 1.531505
 1.531505
 1.531505
 1.531505
 1.531505
 1.531505
 1.525006
 1.525006
 1.525006
 1.525006
 1.525006
 1.525006
 1.525006
 1.525006
 1.518694
 1.518694
 1.518694
 1.518694
 1.518694
 1.518694
 1.518694
 1.518694
 1.512477
 1.512477
 1.512477
 1.512477
 1.512477
 1.512477
 1.512477
 1.512477
 1.506521
 1.506521
 1.506521
 1.506521
 1.506521
 1.506521
 1.506521
 1.506521
 1.500630
 1.500630
 1.500630
 1.500630
 1.500630
 1.500630
 1.500630
 1.500630
 1.494301
 1.494301
 1.494301
 1.494301
 1.494301
 1.494301
 1.494301
 1.494301
 1.489517
 1.489517
 1.489517
 1.489517
 1.489517
 1.489517
 1.489517
 1.489517
 1.484158
 1.484158
 1.484158
 1.484158
 1.484158
 1.484158
 1.484158
 1.484158
 1.478959
 1.478959
 1.478959
 1.478959
 1.478959
 1.478959
 1.478959
 1.478959
 1.473754
 1.473754
 1.473754
 1.473754
 1.473754
 1.473754
 1.473754
 1.473754
 1.468759
 1.468759
 1.468759
 1.468759
 1.468759
 1.468759
 1.468759
 1.468759
 1.463816
 1.463816
 1.463816
 1.463816
 1.463816
 1.463816
 1.463816
 1.463816
 1.459102
 1.459102
 1.459102
 1.459102
 1.459102
 1.459102
 1.459102
 1.459102
 1.454470
 1.454470
 1.454470
 1.454470
 1.454470
 1.454470
 1.454470
 1.454470
 1.449888
 1.449888
 1.449888
 1.449888
 1.449888
 1.449888
 1.449888
 1.449888
 1.445361
 1.445361
 1.445361
 1.445361
 1.445361
 1.445361
 1.445361
 1.445361
 1.441041
 1.441041
 1.441041
 1.441041
 1.441041
 1.441041
 1.441041
 1.441041
 1.436897
 1.436897
 1.436897
 1.436897
 1.436897
 1.436897
 1.436897
 1.436897
 1.432752
 1.432752
 1.432752
 1.432752
 1.432752
 1.432752
 1.432752
 1.432752
 1.428567
 1.428567
 1.428567
 1.428567
 1.428567
 1.428567
 1.428567
 1.428567
 1.424763
 1.424763
 1.424763
 1.424763
 1.424763
 1.424763
 1.424763
 1.424763
 1.420886
 1.420886
 1.420886
 1.420886
 1.420886
 1.420886
 1.420886
 1.420886
 1.417110
 1.417110
 1.417110
 1.417110
 1.417110
 1.417110
 1.417110
 1.417110
 1.413465
 1.413465
 1.413465
 1.413465
 1.413465
 1.413465
 1.413465
 1.413465
 1.409874
 1.409874
 1.409874
 1.409874
 1.409874
 1.409874
 1.409874
 1.409874
 1.406400
 1.406400
 1.406400
 1.406400
 1.406400
 1.406400
 1.406400
 1.406400
 1.402910
 1.402910
 1.402910
 1.402910
 1.402910
 1.402910
 1.402910
 1.402910
 1.399583
 1.399583
 1.399583
 1.399583
 1.399583
 1.399583
 1.399583
 1.399583
 1.396342
 1.396342
 1.396342
 1.396342
 1.396342
 1.396342
 1.396342
 1.396342
 1.393123
 1.393123
 1.393123
 1.393123
 1.393123
 1.393123
 1.393123
 1.393123
 1.390049
 1.390049
 1.390049
 1.390049
 1.390049
 1.390049
 1.390049
 1.390049
 1.387041
 1.387041
 1.387041
 1.387041
 1.387041
 1.387041
 1.387041
 1.387041
 1.384062
 1.384062
 1.384062
 1.384062
 1.384062
 1.384062
 1.384062
 1.384062
 1.381207
 1.381207
 1.381207
 1.381207
 1.381207
 1.381207
 1.381207
 1.381207
 1.378438
 1.378438
 1.378438
 1.378438
 1.378438
 1.378438
 1.378438
 1.378438
 1.375646
 1.375646
 1.375646
 1.375646
 1.375646
 1.375646
 1.375646
 1.375646
 1.372996
 1.372996
 1.372996
 1.372996
 1.372996
 1.372996
 1.372996
 1.372996
 1.370340
 1.370340
 1.370340
 1.370340
 1.370340
 1.370340
 1.370340
 1.370340
 1.367790
 1.367790
 1.367790
 1.367790
 1.367790
 1.367790
 1.367790
 1.367790
 1.365235
 1.365235
 1.365235
 1.365235
 1.365235
 1.365235
 1.365235
 1.365235
 1.362854
 1.362854
 1.362854
 1.362854
 1.362854
 1.362854
 1.362854
 1.362854
 1.360380
 1.360380
 1.360380
 1.360380
 1.360380
 1.360380
 1.360380
 1.360380
 1.358088
 1.358088
 1.358088
 1.358088
 1.358088
 1.358088
 1.358088
 1.358088
 1.355802
 1.355802
 1.355802
 1.355802
 1.355802
 1.355802
 1.355802
 1.355802
 1.353593
 1.353593
 1.353593
 1.353593
 1.353593
 1.353593
 1.353593
 1.353593
 1.351371
 1.351371
 1.351371
 1.351371
 1.351371
 1.351371
 1.351371
 1.351371
 1.349203
 1.349203
 1.349203
 1.349203
 1.349203
 1.349203
 1.349203
 1.349203
 1.347123
 1.347123
 1.347123
 1.347123
 1.347123
 1.347123
 1.347123
 1.347123
 1.345060
 1.345060
 1.345060
 1.345060
 1.345060
 1.345060
 1.345060
 1.345060
 1.343113
 1.343113
 1.343113
 1.343113
 1.343113
 1.343113
 1.343113
 1.343113
 1.341045
 1.341045
 1.341045
 1.341045
 1.341045
 1.341045
 1.341045
 1.341045
 1.339094
 1.339094
 1.339094
 1.339094
 1.339094
 1.339094
 1.339094
 1.339094
 1.337293
 1.337293
 1.337293
 1.337293
 1.337293
 1.337293
 1.337293
 1.337293
 1.335452
 1.335452
 1.335452
 1.335452
 1.335452
 1.335452
 1.335452
 1.335452
 1.333757
 1.333757
 1.333757
 1.333757
 1.333757
 1.333757
 1.333757
 1.333757
 1.331994
 1.331994
 1.331994
 1.331994
 1.331994
 1.331994
 1.331994
 1.331994
 1.330332
 1.330332
 1.330332
 1.330332
 1.330332
 1.330332
 1.330332
 1.330332
 1.328687
 1.328687
 1.328687
 1.328687
 1.328687
 1.328687
 1.328687
 1.328687
 1.327098
 1.327098
 1.327098
 1.327098
 1.327098
 1.327098
 1.327098
 1.327098
 1.325516
 1.325516
 1.325516
 1.325516
 1.325516
 1.325516
 1.325516
 1.325516
 1.323359
 1.323359
 1.323359
 1.323359
 1.323359
 1.323359
 1.323359
 1.323359
 1.322419
 1.322419
 1.322419
 1.322419
 1.322419
 1.322419
 1.322419
 1.322419
 1.321024
 1.321024
 1.321024
 1.321024
 1.321024
 1.321024
 1.321024
 1.321024
 1.319629
 1.319629
 1.319629
 1.319629
 1.319629
 1.319629
 1.319629
 1.319629
 1.318203
 1.318203
 1.318203
 1.318203
 1.318203
 1.318203
 1.318203
 1.318203
 1.316847
 1.316847
 1.316847
 1.316847
 1.316847
 1.316847
 1.316847
 1.316847
 1.315569
 1.315569
 1.315569
 1.315569
 1.315569
 1.315569
 1.315569
 1.315569
 1.314216
 1.314216
 1.314216
 1.314216
 1.314216
 1.314216
 1.314216
 1.314216
 1.313011
 1.313011
 1.313011
 1.313011
 1.313011
 1.313011
 1.313011
 1.313011
 1.311761
 1.311761
 1.311761
 1.311761
 1.311761
 1.311761
 1.311761
 1.311761
 1.310531
 1.310531
 1.310531
 1.310531
 1.310531
 1.310531
 1.310531
 1.310531
 1.309329
 1.309329
 1.309329
 1.309329
 1.309329
 1.309329
 1.309329
 1.309329
 1.308211
 1.308211
 1.308211
 1.308211
 1.308211
 1.308211
 1.308211
 1.308211
 1.307034
 1.307034
 1.307034
 1.307034
 1.307034
 1.307034
 1.307034
 1.307034
 1.305996
 1.305996
 1.305996
 1.305996
 1.305996
 1.305996
 1.305996
 1.305996
 1.304884
 1.304884
 1.304884
 1.304884
 1.304884
 1.304884
 1.304884
 1.304884
 1.303840
 1.303840
 1.303840
 1.303840
 1.303840
 1.303840
 1.303840
 1.303840
 1.302773
 1.302773
 1.302773
 1.302773
 1.302773
 1.302773
 1.302773
 1.302773
 1.301805
 1.301805
 1.301805
 1.301805
 1.301805
 1.301805
 1.301805
 1.301805
 1.300758
 1.300758
 1.300758
 1.300758
 1.300758
 1.300758
 1.300758
 1.300758
 1.299769
 1.299769
 1.299769
 1.299769
 1.299769
 1.299769
 1.299769
 1.299769
 1.298834
 1.298834
 1.298834
 1.298834
 1.298834
 1.298834
 1.298834
 1.298834
 1.298007
 1.298007
 1.298007
 1.298007
 1.298007
 1.298007
 1.298007
 1.298007
 1.297150
 1.297150
 1.297150
 1.297150
 1.297150
 1.297150
 1.297150
 1.297150
 1.296239
 1.296239
 1.296239
 1.296239
 1.296239
 1.296239
 1.296239
 1.296239
 1.295409
 1.295409
 1.295409
 1.295409
 1.295409
 1.295409
 1.295409
 1.295409
 1.294617
 1.294617
 1.294617
 1.294617
 1.294617
 1.294617
 1.294617
 1.294617
 1.293786
 1.293786
 1.293786
 1.293786
 1.293786
 1.293786
 1.293786
 1.293786
 1.293047
 1.293047
 1.293047
 1.293047
 1.293047
 1.293047
 1.293047
 1.293047
 1.292201
 1.292201
 1.292201
 1.292201
 1.292201
 1.292201
 1.292201
 1.292201
 1.291481
 1.291481
 1.291481
 1.291481
 1.291481
 1.291481
 1.291481
 1.291481
 1.290720
 1.290720
 1.290720
 1.290720
 1.290720
 1.290720
 1.290720
 1.290720
 1.290013
 1.290013
 1.290013
 1.290013
 1.290013
 1.290013
 1.290013
 1.290013
 1.289241
 1.289241
 1.289241
 1.289241
 1.289241
 1.289241
 1.289241
 1.289241
 1.288617
 1.288617
 1.288617
 1.288617
 1.288617
 1.288617
 1.288617
 1.288617
 1.287869
 1.287869
 1.287869
 1.287869
 1.287869
 1.287869
 1.287869
 1.287869
 1.287222
 1.287222
 1.287222
 1.287222
 1.287222
 1.287222
 1.287222
 1.287222
 1.286489
 1.286489
 1.286489
 1.286489
 1.286489
 1.286489
 1.286489
 1.286489
 1.285780
 1.285780
 1.285780
 1.285780
 1.285780
 1.285780
 1.285780
 1.285780
 1.285109
 1.285109
 1.285109
 1.285109
 1.285109
 1.285109
 1.285109
 1.285109
 1.284567
 1.284567
 1.284567
 1.284567
 1.284567
 1.284567
 1.284567
 1.284567
 1.283899
 1.283899
 1.283899
 1.283899
 1.283899
 1.283899
 1.283899
 1.283899
 1.283402
 1.283402
 1.283402
 1.283402
 1.283402
 1.283402
 1.283402
 1.283402
 1.282813
 1.282813
 1.282813
 1.282813
 1.282813
 1.282813
 1.282813
 1.282813
 1.282279
 1.282279
 1.282279
 1.282279
 1.282279
 1.282279
 1.282279
 1.282279
 1.281722
 1.281722
 1.281722
 1.281722
 1.281722
 1.281722
 1.281722
 1.281722
 1.281251
 1.281251
 1.281251
 1.281251
 1.281251
 1.281251
 1.281251
 1.281251
 1.280700
 1.280700
 1.280700
 1.280700
 1.280700
 1.280700
 1.280700
 1.280700
 1.280234
 1.280234
 1.280234
 1.280234
 1.280234
 1.280234
 1.280234
 1.280234
 1.279711
 1.279711
 1.279711
 1.279711
 1.279711
 1.279711
 1.279711
 1.279711
 1.279311
 1.279311
 1.279311
 1.279311
 1.279311
 1.279311
 1.279311
 1.279311
 1.278857
 1.278857
 1.278857
 1.278857
 1.278857
 1.278857
 1.278857
 1.278857
 1.278362
 1.278362
 1.278362
 1.278362
 1.278362
 1.278362
 1.278362
 1.278362
 1.277978
 1.277978
 1.277978
 1.277978
 1.277978
 1.277978
 1.277978
 1.277978
 1.277462
 1.277462
 1.277462
 1.277462
 1.277462
 1.277462
 1.277462
 1.277462
 1.277101
 1.277101
 1.277101
 1.277101
 1.277101
 1.277101
 1.277101
 1.277101
 1.276608
 1.276608
 1.276608
 1.276608
 1.276608
 1.276608
 1.276608
 1.276608
 1.276214
 1.276214
 1.276214
 1.276214
 1.276214
 1.276214
 1.276214
 1.276214
 1.275814
 1.275814
 1.275814
 1.275814
 1.275814
 1.275814
 1.275814
 1.275814
 1.275513
 1.275513
 1.275513
 1.275513
 1.275513
 1.275513
 1.275513
 1.275513
 1.275050
 1.275050
 1.275050
 1.275050
 1.275050
 1.275050
 1.275050
 1.275050
 1.274703
 1.274703
 1.274703
 1.274703
 1.274703
 1.274703
 1.274703
 1.274703
 1.274307
 1.274307
 1.274307
 1.274307
 1.274307
 1.274307
 1.274307
 1.274307
 1.274023
 1.274023
 1.274023
 1.274023
 1.274023
 1.274023
 1.274023
 1.274023
 1.273620
 1.273620
 1.273620
 1.273620
 1.273620
 1.273620
 1.273620
 1.273620
 1.273337
 1.273337
 1.273337
 1.273337
 1.273337
 1.273337
 1.273337
 1.273337
 1.272997
 1.272997
 1.272997
 1.272997
 1.272997
 1.272997
 1.272997
 1.272997
 1.272686
 1.272686
 1.272686
 1.272686
 1.272686
 1.272686
 1.272686
 1.272686
 1.272407
 1.272407
 1.272407
 1.272407
 1.272407
 1.272407
 1.272407
 1.272407
 1.272020
 1.272020
 1.272020
 1.272020
 1.272020
 1.272020
 1.272020
 1.272020
 1.271772
 1.271772
 1.271772
 1.271772
 1.271772
 1.271772
 1.271772
 1.271772
 1.271478
 1.271478
 1.271478
 1.271478
 1.271478
 1.271478
 1.271478
 1.271478
 1.271180
 1.271180
 1.271180
 1.271180
 1.271180
 1.271180
 1.271180
 1.271180
 1.270903
 1.270903
 1.270903
 1.270903
 1.270903
 1.270903
 1.270903
 1.270903
 1.270583
 1.270583
 1.270583
 1.270583
 1.270583
 1.270583
 1.270583
 1.270583
 1.270338
 1.270338
 1.270338
 1.270338
 1.270338
 1.270338
 1.270338
 1.270338
 1.270036
 1.270036
 1.270036
 1.270036
 1.270036
 1.270036
 1.270036
 1.270036
 1.269831
 1.269831
 1.269831
 1.269831
 1.269831
 1.269831
 1.269831
 1.269831
 1.269491
 1.269491
 1.269491
 1.269491
 1.269491
 1.269491
 1.269491
 1.269491
 1.269328
 1.269328
 1.269328
 1.269328
 1.269328
 1.269328
 1.269328
 1.269328
 1.269056
 1.269056
 1.269056
 1.269056
 1.269056
 1.269056
 1.269056
 1.269056
 1.268859
 1.268859
 1.268859
 1.268859
 1.268859
 1.268859
 1.268859
 1.268859
 1.268673
 1.268673
 1.268673
 1.268673
 1.268673
 1.268673
 1.268673
 1.268673
 1.268437
 1.268437
 1.268437
 1.268437
 1.268437
 1.268437
 1.268437
 1.268437
 1.268219
 1.268219
 1.268219
 1.268219
 1.268219
 1.268219
 1.268219
 1.268219
 1.267928
 1.267928
 1.267928
 1.267928
 1.267928
 1.267928
 1.267928
 1.267928
 1.267691
 1.267691
 1.267691
 1.267691
 1.267691
 1.267691
 1.267691
 1.267691
 1.267525
 1.267525
 1.267525
 1.267525
 1.267525
 1.267525
 1.267525
 1.267525
 1.267253
 1.267253
 1.267253
 1.267253
 1.267253
 1.267253
 1.267253
 1.267253
 1.267100
 1.267100
 1.267100
 1.267100
 1.267100
 1.267100
 1.267100
 1.267100
 1.266852
 1.266852
 1.266852
 1.266852
 1.266852
 1.266852
 1.266852
 1.266852
 1.266729
 1.266729
 1.266729
 1.266729
 1.266729
 1.266729
 1.266729
 1.266729
 1.266504
 1.266504
 1.266504
 1.266504
 1.266504
 1.266504
 1.266504
 1.266504
 1.266349
 1.266349
 1.266349
 1.266349
 1.266349
 1.266349
 1.266349
 1.266349
 1.266156
 1.266156
 1.266156
 1.266156
 1.266156
 1.266156
 1.266156
 1.266156
 1.266032
 1.266032
 1.266032
 1.266032
 1.266032
 1.266032
 1.266032
 1.266032
 1.265844
 1.265844
 1.265844
 1.265844
 1.265844
 1.265844
 1.265844
 1.265844
 1.265729
 1.265729
 1.265729
 1.265729
 1.265729
 1.265729
 1.265729
 1.265729
 1.265520
 1.265520
 1.265520
 1.265520
 1.265520
 1.265520
 1.265520
 1.265520
 1.265406
 1.265406
 1.265406
 1.265406
 1.265406
 1.265406
 1.265406
 1.265406
 1.265213
 1.265213
 1.265213
 1.265213
 1.265213
 1.265213
 1.265213
 1.265213
 1.265079
 1.265079
 1.265079
 1.265079
 1.265079
 1.265079
 1.265079
 1.265079
 1.264882
 1.264882
 1.264882
 1.264882
 1.264882
 1.264882
 1.264882
 1.264882
 1.264673
 1.264673
 1.264673
 1.264673
 1.264673
 1.264673
 1.264673
 1.264673
 1.264528
 1.264528
 1.264528
 1.264528
 1.264528
 1.264528
 1.264528
 1.264528
 1.264350
 1.264350
 1.264350
 1.264350
 1.264350
 1.264350
 1.264350
 1.264350
 1.264170
 1.264170
 1.264170
 1.264170
 1.264170
 1.264170
 1.264170
 1.264170
 1.264116
 1.264116
 1.264116
 1.264116
 1.264116
 1.264116
 1.264116
 1.264116
 1.263893
 1.263893
 1.263893
 1.263893
 1.263893
 1.263893
 1.263893
 1.263893
 1.263792
 1.263792
 1.263792
 1.263792
 1.263792
 1.263792
 1.263792
 1.263792
 1.263673
 1.263673
 1.263673
 1.263673
 1.263673
 1.263673
 1.263673
 1.263673
 1.263502
 1.263502
 1.263502
 1.263502
 1.263502
 1.263502
 1.263502
 1.263502
 1.263386
 1.263386
 1.263386
 1.263386
 1.263386
 1.263386
 1.263386
 1.263386
 1.263243
 1.263243
 1.263243
 1.263243
 1.263243
 1.263243
 1.263243
 1.263243
 1.263112
 1.263112
 1.263112
 1.263112
 1.263112
 1.263112
 1.263112
 1.263112
 1.263020
 1.263020
 1.263020
 1.263020
 1.263020
 1.263020
 1.263020
 1.263020
 1.262901
 1.262901
 1.262901
 1.262901
 1.262901
 1.262901
 1.262901
 1.262901
 1.262723
 1.262723
 1.262723
 1.262723
 1.262723
 1.262723
 1.262723
 1.262723
 1.262650
 1.262650
 1.262650
 1.262650
 1.262650
 1.262650
 1.262650
 1.262650
 1.262514
 1.262514
 1.262514
 1.262514
 1.262514
 1.262514
 1.262514
 1.262514
 1.262429
 1.262429
 1.262429
 1.262429
 1.262429
 1.262429
 1.262429
 1.262429
 1.262366
 1.262366
 1.262366
 1.262366
 1.262366
 1.262366
 1.262366
 1.262366
 1.262294
 1.262294
 1.262294
 1.262294
 1.262294
 1.262294
 1.262294
 1.262294
 1.262232
 1.262232
 1.262232
 1.262232
 1.262232
 1.262232
 1.262232
 1.262232
 1.262149
 1.262149
 1.262149
 1.262149
 1.262149
 1.262149
 1.262149
 1.262149
 1.262074
 1.262074
 1.262074
 1.262074
 1.262074
 1.262074
 1.262074
 1.262074
 1.262044
 1.262044
 1.262044
 1.262044
 1.262044
 1.262044
 1.262044
 1.262044
 1.262024
 1.262024
 1.262024
 1.262024
 1.262024
 1.262024
 1.262024
 1.262024
 1.261929
 1.261929
 1.261929
 1.261929
 1.261929
 1.261929
 1.261929
 1.261929
 1.261799
 1.261799
 1.261799
 1.261799
 1.261799
 1.261799
 1.261799
 1.261799
 1.261637
 1.261637
 1.261637
 1.261637
 1.261637
 1.261637
 1.261637
 1.261637
 1.261456
 1.261456
 1.261456
 1.261456
 1.261456
 1.261456
 1.261456
 1.261456
 1.261418
 1.261418
 1.261418
 1.261418
 1.261418
 1.261418
 1.261418
 1.261418
 1.261371
 1.261371
 1.261371
 1.261371
 1.261371
 1.261371
 1.261371
 1.261371
 1.261265
 1.261265
 1.261265
 1.261265
 1.261265
 1.261265
 1.261265
 1.261265
 1.261155
 1.261155
 1.261155
 1.261155
 1.261155
 1.261155
 1.261155
 1.261155
 1.261058
 1.261058
 1.261058
 1.261058
 1.261058
 1.261058
 1.261058
 1.261058
 1.261053
 1.261053
 1.261053
 1.261053
 1.261053
 1.261053
 1.261053
 1.261053
 1.260902
 1.260902
 1.260902
 1.260902
 1.260902
 1.260902
 1.260902
 1.260902
 1.260847
 1.260847
 1.260847
 1.260847
 1.260847
 1.260847
 1.260847
 1.260847
 1.260891
 1.260891
 1.260891
 1.260891
 1.260891
 1.260891
 1.260891
 1.260891
 1.260734
 1.260734
 1.260734
 1.260734
 1.260734
 1.260734
 1.260734
 1.260734
 1.260849
 1.260849
 1.260849
 1.260849
 1.260849
 1.260849
 1.260849
 1.260849
 1.260666
 1.260666
 1.260666
 1.260666
 1.260666
 1.260666
 1.260666
 1.260666
 1.260585
 1.260585
 1.260585
 1.260585
 1.260585
 1.260585
 1.260585
 1.260585
 1.260520
 1.260520
 1.260520
 1.260520
 1.260520
 1.260520
 1.260520
 1.260520
 1.260426
 1.260426
 1.260426
 1.260426
 1.260426
 1.260426
 1.260426
 1.260426
 1.260383
 1.260383
 1.260383
 1.260383
 1.260383
 1.260383
 1.260383
 1.260383
 1.260395
 1.260395
 1.260395
 1.260395
 1.260395
 1.260395
 1.260395
 1.260395
 1.260379
 1.260379
 1.260379
 1.260379
 1.260379
 1.260379
 1.260379
 1.260379
 1.260281
 1.260281
 1.260281
 1.260281
 1.260281
 1.260281
 1.260281
 1.260281
 1.260264
 1.260264
 1.260264
 1.260264
 1.260264
 1.260264
 1.260264
 1.260264
 1.260134
 1.260134
 1.260134
 1.260134
 1.260134
 1.260134
 1.260134
 1.260134
 1.260113
 1.260113
 1.260113
 1.260113
 1.260113
 1.260113
 1.260113
 1.260113
 1.260062
 1.260062
 1.260062
 1.260062
 1.260062
 1.260062
 1.260062
 1.260062
 1.260061
 1.260061
 1.260061
 1.260061
 1.260061
 1.260061
 1.260061
 1.260061
 1.260064
 1.260064
 1.260064
 1.260064
 1.260064
 1.260064
 1.260064
 1.260064
 1.260073
 1.260073
 1.260073
 1.260073
 1.260073
 1.260073
 1.260073
 1.260073
 1.259988
 1.259988
 1.259988
 1.259988
 1.259988
 1.259988
 1.259988
 1.259988
 1.259997
 1.259997
 1.259997
 1.259997
 1.259997
 1.259997
 1.259997
 1.259997
 1.259970
 1.259970
 1.259970
 1.259970
 1.259970
 1.259970
 1.259970
 1.259970
 1.259935
 1.259935
 1.259935
 1.259935
 1.259935
 1.259935
 1.259935
 1.259935
 1.259928
 1.259928
 1.259928
 1.259928
 1.259928
 1.259928
 1.259928
 1.259928
 1.259840
 1.259840
 1.259840
 1.259840
 1.259840
 1.259840
 1.259840
 1.259840
 1.259786
 1.259786
 1.259786
 1.259786
 1.259786
 1.259786
 1.259786
 1.259786
 1.259765
 1.259765
 1.259765
 1.259765
 1.259765
 1.259765
 1.259765
 1.259765
 1.259761
 1.259761
 1.259761
 1.259761
 1.259761
 1.259761
 1.259761
 1.259761
 1.259742
 1.259742
 1.259742
 1.259742
 1.259742
 1.259742
 1.259742
 1.259742
 1.259765
 1.259765
 1.259765
 1.259765
 1.259765
 1.259765
 1.259765
 1.259765
 1.259756
 1.259756
 1.259756
 1.259756
 1.259756
 1.259756
 1.259756
 1.259756
 1.259755
 1.259755
 1.259755
 1.259755
 1.259755
 1.259755
 1.259755
 1.259755
 1.259704
 1.259704
 1.259704
 1.259704
 1.259704
 1.259704
 1.259704
 1.259704
 1.259685
 1.259685
 1.259685
 1.259685
 1.259685
 1.259685
 1.259685
 1.259685
 1.259700
 1.259700
 1.259700
 1.259700
 1.259700
 1.259700
 1.259700
 1.259700
 1.259632
 1.259632
 1.259632
 1.259632
 1.259632
 1.259632
 1.259632
 1.259632
 1.259638
 1.259638
 1.259638
 1.259638
 1.259638
 1.259638
 1.259638
 1.259638
 1.259572
 1.259572
 1.259572
 1.259572
 1.259572
 1.259572
 1.259572
 1.259572
 1.259447
 1.259447
 1.259447
 1.259447
 1.259447
 1.259447
 1.259447
 1.259447
 1.259354
 1.259354
 1.259354
 1.259354
 1.259354
 1.259354
 1.259354
 1.259354
 1.259376
 1.259376
 1.259376
 1.259376
 1.259376
 1.259376
 1.259376
 1.259376
 1.259364
 1.259364
 1.259364
 1.259364
 1.259364
 1.259364
 1.259364
 1.259364
 1.259388
 1.259388
 1.259388
 1.259388
 1.259388
 1.259388
 1.259388
 1.259388
 1.259353
 1.259353
 1.259353
 1.259353
 1.259353
 1.259353
 1.259353
 1.259353
 1.259295
 1.259295
 1.259295
 1.259295
 1.259295
 1.259295
 1.259295
 1.259295
 1.259219
 1.259219
 1.259219
 1.259219
 1.259219
 1.259219
 1.259219
 1.259219
 1.259173
 1.259173
 1.259173
 1.259173
 1.259173
 1.259173
 1.259173
 1.259173
 1.259220
 1.259220
 1.259220
 1.259220
 1.259220
 1.259220
 1.259220
 1.259220
 1.259253
 1.259253
 1.259253
 1.259253
 1.259253
 1.259253
 1.259253
 1.259253
 1.259206
 1.259206
 1.259206
 1.259206
 1.259206
 1.259206
 1.259206
 1.259206
 1.259219
 1.259219
 1.259219
 1.259219
 1.259219
 1.259219
 1.259219
 1.259219
 1.259231
 1.259231
 1.259231
 1.259231
 1.259231
 1.259231
 1.259231
 1.259231
 1.259195
 1.259195
 1.259195
 1.259195
 1.259195
 1.259195
 1.259195
 1.259195
 1.259116
 1.259116
 1.259116
 1.259116
 1.259116
 1.259116
 1.259116
 1.259116
 1.259069
 1.259069
 1.259069
 1.259069
 1.259069
 1.259069
 1.259069
 1.259069
 1.259129
 1.259129
 1.259129
 1.259129
 1.259129
 1.259129
 1.259129
 1.259129
 1.259118
 1.259118
 1.259118
 1.259118
 1.259118
 1.259118
 1.259118
 1.259118
 1.259005
 1.259005
 1.259005
 1.259005
 1.259005
 1.259005
 1.259005
 1.259005
 1.259098
 1.259098
 1.259098
 1.259098
 1.259098
 1.259098
 1.259098
 1.259098
 1.259002
 1.259002
 1.259002
 1.259002
 1.259002
 1.259002
 1.259002
 1.259002
 1.258967
 1.258967
 1.258967
 1.258967
 1.258967
 1.258967
 1.258967
 1.258967
 1.258894
 1.258894
 1.258894
 1.258894
 1.258894
 1.258894
 1.258894
 1.258894
 1.258882
 1.258882
 1.258882
 1.258882
 1.258882
 1.258882
 1.258882
 1.258882
 1.258869
 1.258869
 1.258869
 1.258869
 1.258869
 1.258869
 1.258869
 1.258869
 1.258870
 1.258870
 1.258870
 1.258870
 1.258870
 1.258870
 1.258870
 1.258870
 1.258882
 1.258882
 1.258882
 1.258882
 1.258882
 1.258882
 1.258882
 1.258882
 1.258896
 1.258896
 1.258896
 1.258896
 1.258896
 1.258896
 1.258896
 1.258896
 1.258879
 1.258879
 1.258879
 1.258879
 1.258879
 1.258879
 1.258879
 1.258879
 1.258911
 1.258911
 1.258911
 1.258911
 1.258911
 1.258911
 1.258911
 1.258911
 1.258878
 1.258878
 1.258878
 1.258878
 1.258878
 1.258878
 1.258878
 1.258878
 1.258927
 1.258927
 1.258927
 1.258927
 1.258927
 1.258927
 1.258927
 1.258927
 1.258931
 1.258931
 1.258931
 1.258931
 1.258931
 1.258931
 1.258931
 1.258931
 1.258987
 1.258987
 1.258987
 1.258987
 1.258987
 1.258987
 1.258987
 1.258987
 1.259052
 1.259052
 1.259052
 1.259052
 1.259052
 1.259052
 1.259052
 1.259052
 1.258962
 1.258962
 1.258962
 1.258962
 1.258962
 1.258962
 1.258962
 1.258962
 1.258905
 1.258905
 1.258905
 1.258905
 1.258905
 1.258905
 1.258905
 1.258905
 1.258826
 1.258826
 1.258826
 1.258826
 1.258826
 1.258826
 1.258826
 1.258826
 1.258825
 1.258825
 1.258825
 1.258825
 1.258825
 1.258825
 1.258825
 1.258825
 1.258755
 1.258755
 1.258755
 1.258755
 1.258755
 1.258755
 1.258755
 1.258755
 1.258684
 1.258684
 1.258684
 1.258684
 1.258684
 1.258684
 1.258684
 1.258684
 1.258695
 1.258695
 1.258695
 1.258695
 1.258695
 1.258695
 1.258695
 1.258695
 1.258734
 1.258734
 1.258734
 1.258734
 1.258734
 1.258734
 1.258734
 1.258734
 1.258720
 1.258720
 1.258720
 1.258720
 1.258720
 1.258720
 1.258720
 1.258720
 1.258750
 1.258750
 1.258750
 1.258750
 1.258750
 1.258750
 1.258750
 1.258750
 1.258685
 1.258685
 1.258685
 1.258685
 1.258685
 1.258685
 1.258685
 1.258685
 1.258604
 1.258604
 1.258604
 1.258604
 1.258604
 1.258604
 1.258604
 1.258604
 1.258577
 1.258577
 1.258577
 1.258577
 1.258577
 1.258577
 1.258577
 1.258577
 1.258508
 1.258508
 1.258508
 1.258508
 1.258508
 1.258508
 1.258508
 1.258508
 1.258544
 1.258544
 1.258544
 1.258544
 1.258544
 1.258544
 1.258544
 1.258544
 1.258521
 1.258521
 1.258521
 1.258521
 1.258521
 1.258521
 1.258521
 1.258521
 1.258462
 1.258462
 1.258462
 1.258462
 1.258462
 1.258462
 1.258462
 1.258462
 1.258464
 1.258464
 1.258464
 1.258464
 1.258464
 1.258464
 1.258464
 1.258464
 1.258468
 1.258468
 1.258468
 1.258468
 1.258468
 1.258468
 1.258468
 1.258468
 1.258538
 1.258538
 1.258538
 1.258538
 1.258538
 1.258538
 1.258538
 1.258538
 1.258547
 1.258547
 1.258547
 1.258547
 1.258547
 1.258547
 1.258547
 1.258547
 1.258562
 1.258562
 1.258562
 1.258562
 1.258562
 1.258562
 1.258562
 1.258562
 1.258503
 1.258503
 1.258503
 1.258503
 1.258503
 1.258503
 1.258503
 1.258503
 1.258479
 1.258479
 1.258479
 1.258479
 1.258479
 1.258479
 1.258479
 1.258479
 1.258445
 1.258445
 1.258445
 1.258445
 1.258445
 1.258445
 1.258445
 1.258445
 1.258422
 1.258422
 1.258422
 1.258422
 1.258422
 1.258422
 1.258422
 1.258422
 1.258368
 1.258368
 1.258368
 1.258368
 1.258368
 1.258368
 1.258368
 1.258368
 1.258361
 1.258361
 1.258361
 1.258361
 1.258361
 1.258361
 1.258361
 1.258361
 1.258372
 1.258372
 1.258372
 1.258372
 1.258372
 1.258372
 1.258372
 1.258372
 1.258338
 1.258338
 1.258338
 1.258338
 1.258338
 1.258338
 1.258338
 1.258338
 1.258370
 1.258370
 1.258370
 1.258370
 1.258370
 1.258370
 1.258370
 1.258370
 1.258385
 1.258385
 1.258385
 1.258385
 1.258385
 1.258385
 1.258385
 1.258385
 1.258467
 1.258467
 1.258467
 1.258467
 1.258467
 1.258467
 1.258467
 1.258467
 1.258418
 1.258418
 1.258418
 1.258418
 1.258418
 1.258418
 1.258418
 1.258418
 1.258482
 1.258482
 1.258482
 1.258482
 1.258482
 1.258482
 1.258482
 1.258482
 1.258568
 1.258568
 1.258568
 1.258568
 1.258568
 1.258568
 1.258568
 1.258568
 1.258504
 1.258504
 1.258504
 1.258504
 1.258504
 1.258504
 1.258504
 1.258504
 1.258654
 1.258654
 1.258654
 1.258654
 1.258654
 1.258654
 1.258654
 1.258654
 1.258514
 1.258514
 1.258514
 1.258514
 1.258514
 1.258514
 1.258514
 1.258514
 1.258575
 1.258575
 1.258575
 1.258575
 1.258575
 1.258575
 1.258575
 1.258575
 1.258619
 1.258619
 1.258619
 1.258619
 1.258619
 1.258619
 1.258619
 1.258619
 1.258617
 1.258617
 1.258617
 1.258617
 1.258617
 1.258617
 1.258617
 1.258617
 1.258648
 1.258648
 1.258648
 1.258648
 1.258648
 1.258648
 1.258648
 1.258648
 1.258672
 1.258672
 1.258672
 1.258672
 1.258672
 1.258672
 1.258672
 1.258672
 1.258701
 1.258701
 1.258701
 1.258701
 1.258701
 1.258701
 1.258701
 1.258701
 1.258707
 1.258707
 1.258707
 1.258707
 1.258707
 1.258707
 1.258707
 1.258707
 1.258758
 1.258758
 1.258758
 1.258758
 1.258758
 1.258758
 1.258758
 1.258758
 1.258668
 1.258668
 1.258668
 1.258668
 1.258668
 1.258668
 1.258668
 1.258668
 1.258637
 1.258637
 1.258637
 1.258637
 1.258637
 1.258637
 1.258637
 1.258637
 1.258628
 1.258628
 1.258628
 1.258628
 1.258628
 1.258628
 1.258628
 1.258628
 1.258578
 1.258578
 1.258578
 1.258578
 1.258578
 1.258578
 1.258578
 1.258578
 1.258569
 1.258569
 1.258569
 1.258569
 1.258569
 1.258569
 1.258569
 1.258569
 1.258604
 1.258604
 1.258604
 1.258604
 1.258604
 1.258604
 1.258604
 1.258604
 1.258547
 1.258547
 1.258547
 1.258547
 1.258547
 1.258547
 1.258547
 1.258547
 1.258535
 1.258535
 1.258535
 1.258535
 1.258535
 1.258535
 1.258535
 1.258535
 1.258530
 1.258530
 1.258530
 1.258530
 1.258530
 1.258530
 1.258530
 1.258530
 1.258381
 1.258381
 1.258381
 1.258381
 1.258381
 1.258381
 1.258381
 1.258381
 1.258292
 1.258292
 1.258292
 1.258292
 1.258292
 1.258292
 1.258292
 1.258292
 1.258228
 1.258228
 1.258228
 1.258228
 1.258228
 1.258228
 1.258228
 1.258228
 1.258211
 1.258211
 1.258211
 1.258211
 1.258211
 1.258211
 1.258211
 1.258211
 1.258155
 1.258155
 1.258155
 1.258155
 1.258155
 1.258155
 1.258155
 1.258155
 1.258108
 1.258108
 1.258108
 1.258108
 1.258108
 1.258108
 1.258108
 1.258108
 1.258198
 1.258198
 1.258198
 1.258198
 1.258198
 1.258198
 1.258198
 1.258198
 1.258115
 1.258115
 1.258115
 1.258115
 1.258115
 1.258115
 1.258115
 1.258115
 1.277842
 1.277842
 1.277842
 1.277842
 1.277842
 1.277842
 1.277842
 1.277842
 1.258172
 1.258172
 1.258172
 1.258172
 1.258172
 1.258172
 1.258172
 1.258172
 1.258231
 1.258231
 1.258231
 1.258231
 1.258231
 1.258231
 1.258231
 1.258231
 1.258158
 1.258158
 1.258158
 1.258158
 1.258158
 1.258158
 1.258158
 1.258158
 1.258264
 1.258264
 1.258264
 1.258264
 1.258264
 1.258264
 1.258264
 1.258264
 1.258269
 1.258269
 1.258269
 1.258269
 1.258269
 1.258269
 1.258269
 1.258269
 1.258322
 1.258322
 1.258322
 1.258322
 1.258322
 1.258322
 1.258322
 1.258322
 1.258349
 1.258349
 1.258349
 1.258349
 1.258349
 1.258349
 1.258349
 1.258349
 1.258374
 1.258374
 1.258374
 1.258374
 1.258374
 1.258374
 1.258374
 1.258374
 1.258336
 1.258336
 1.258336
 1.258336
 1.258336
 1.258336
 1.258336
 1.258336
 1.258165
 1.258165
 1.258165
 1.258165
 1.258165
 1.258165
 1.258165
 1.258165
 1.258235
 1.258235
 1.258235
 1.258235
 1.258235
 1.258235
 1.258235
 1.258235
 1.258309
 1.258309
 1.258309
 1.258309
 1.258309
 1.258309
 1.258309
 1.258309
 1.258318
 1.258318
 1.258318
 1.258318
 1.258318
 1.258318
 1.258318
 1.258318
 1.258340
 1.258340
 1.258340
 1.258340
 1.258340
 1.258340
 1.258340
 1.258340
 1.258384
 1.258384
 1.258384
 1.258384
 1.258384
 1.258384
 1.258384
 1.258384
 1.258401
 1.258401
 1.258401
 1.258401
 1.258401
 1.258401
 1.258401
 1.258401
 1.258365
 1.258365
 1.258365
 1.258365
 1.258365
 1.258365
 1.258365
 1.258365
 1.258420
 1.258420
 1.258420
 1.258420
 1.258420
 1.258420
 1.258420
 1.258420
 1.258395
 1.258395
 1.258395
 1.258395
 1.258395
 1.258395
 1.258395
 1.258395
 1.258319
 1.258319
 1.258319
 1.258319
 1.258319
 1.258319
 1.258319
 1.258319
 1.258280
 1.258280
 1.258280
 1.258280
 1.258280
 1.258280
 1.258280
 1.258280
 1.258275
 1.258275
 1.258275
 1.258275
 1.258275
 1.258275
 1.258275
 1.258275
 1.258171
 1.258171
 1.258171
 1.258171
 1.258171
 1.258171
 1.258171
 1.258171
 1.258245
 1.258245
 1.258245
 1.258245
 1.258245
 1.258245
 1.258245
 1.258245
 1.258195
 1.258195
 1.258195
 1.258195
 1.258195
 1.258195
 1.258195
 1.258195
 1.258207
 1.258207
 1.258207
 1.258207
 1.258207
 1.258207
 1.258207
 1.258207
 1.258155
 1.258155
 1.258155
 1.258155
 1.258155
 1.258155
 1.258155
 1.258155
 1.258137
 1.258137
 1.258137
 1.258137
 1.258137
 1.258137
 1.258137
 1.258137
 1.258078
 1.258078
 1.258078
 1.258078
 1.258078
 1.258078
 1.258078
 1.258078
 1.258023
 1.258023
 1.258023
 1.258023
 1.258023
 1.258023
 1.258023
 1.258023
 1.258073
 1.258073
 1.258073
 1.258073
 1.258073
 1.258073
 1.258073
 1.258073
 1.258117
 1.258117
 1.258117
 1.258117
 1.258117
 1.258117
 1.258117
 1.258117
 1.258124
 1.258124
 1.258124
 1.258124
 1.258124
 1.258124
 1.258124
 1.258124
 1.258176
 1.258176
 1.258176
 1.258176
 1.258176
 1.258176
 1.258176
 1.258176
 1.258116
 1.258116
 1.258116
 1.258116
 1.258116
 1.258116
 1.258116
 1.258116
 1.258073
 1.258073
 1.258073
 1.258073
 1.258073
 1.258073
 1.258073
 1.258073
 1.258000
 1.258000
 1.258000
 1.258000
 1.258000
 1.258000
 1.258000
 1.258000
 1.257914
 1.257914
 1.257914
 1.257914
 1.257914
 1.257914
 1.257914
 1.257914
 1.257871
 1.257871
 1.257871
 1.257871
 1.257871
 1.257871
 1.257871
 1.257871
 1.257857
 1.257857
 1.257857
 1.257857
 1.257857
 1.257857
 1.257857
 1.257857
 1.257358
 1.257358
 1.257358
 1.257358
 1.257358
 1.257358
 1.257358
 1.257358
 1.257894
 1.257894
 1.257894
 1.257894
 1.257894
 1.257894
 1.257894
 1.257894
 1.258022
 1.258022
 1.258022
 1.258022
 1.258022
 1.258022
 1.258022
 1.258022
 1.258022
 1.258022
 1.258022
 1.258022
 1.258022
 1.258022
 1.258022
 1.258022
 1.258062
 1.258062
 1.258062
 1.258062
 1.258062
 1.258062
 1.258062
 1.258062
 1.258079
 1.258079
 1.258079
 1.258079
 1.258079
 1.258079
 1.258079
 1.258079
 1.258083
 1.258083
 1.258083
 1.258083
 1.258083
 1.258083
 1.258083
 1.258083
 1.258079
 1.258079
 1.258079
 1.258079
 1.258079
 1.258079
 1.258079
 1.258079
 1.258021
 1.258021
 1.258021
 1.258021
 1.258021
 1.258021
 1.258021
 1.258021
 1.258076
 1.258076
 1.258076
 1.258076
 1.258076
 1.258076
 1.258076
 1.258076
 1.258019
 1.258019
 1.258019
 1.258019
 1.258019
 1.258019
 1.258019
 1.258019
 1.258056
 1.258056
 1.258056
 1.258056
 1.258056
 1.258056
 1.258056
 1.258056
 1.258095
 1.258095
 1.258095
 1.258095
 1.258095
 1.258095
 1.258095
 1.258095
 1.258038
 1.258038
 1.258038
 1.258038
 1.258038
 1.258038
 1.258038
 1.258038
 1.257977
 1.257977
 1.257977
 1.257977
 1.257977
 1.257977
 1.257977
 1.257977
 1.257901
 1.257901
 1.257901
 1.257901
 1.257901
 1.257901
 1.257901
 1.257901
 1.257937
 1.257937
 1.257937
 1.257937
 1.257937
 1.257937
 1.257937
 1.257937
 1.257887
 1.257887
 1.257887
 1.257887
 1.257887
 1.257887
 1.257887
 1.257887
 1.257945
 1.257945
 1.257945
 1.257945
 1.257945
 1.257945
 1.257945
 1.257945
 1.257925
 1.257925
 1.257925
 1.257925
 1.257925
 1.257925
 1.257925
 1.257925
 1.257928
 1.257928
 1.257928
 1.257928
 1.257928
 1.257928
 1.257928
 1.257928
 1.257992
 1.257992
 1.257992
 1.257992
 1.257992
 1.257992
 1.257992
 1.257992
 1.258011
 1.258011
 1.258011
 1.258011
 1.258011
 1.258011
 1.258011
 1.258011
 1.258030
 1.258030
 1.258030
 1.258030
 1.258030
 1.258030
 1.258030
 1.258030
 1.258078
 1.258078
 1.258078
 1.258078
 1.258078
 1.258078
 1.258078
 1.258078
 1.258107
 1.258107
 1.258107
 1.258107
 1.258107
 1.258107
 1.258107
 1.258107
 1.258104
 1.258104
 1.258104
 1.258104
 1.258104
 1.258104
 1.258104
 1.258104
 1.258098
 1.258098
 1.258098
 1.258098
 1.258098
 1.258098
 1.258098
 1.258098
 1.258020
 1.258020
 1.258020
 1.258020
 1.258020
 1.258020
 1.258020
 1.258020
 1.257999
 1.257999
 1.257999
 1.257999
 1.257999
 1.257999
 1.257999
 1.257999
 1.258027
 1.258027
 1.258027
 1.258027
 1.258027
 1.258027
 1.258027
 1.258027
 1.257998
 1.257998
 1.257998
 1.257998
 1.257998
 1.257998
 1.257998
 1.257998
 1.257996
 1.257996
 1.257996
 1.257996
 1.257996
 1.257996
 1.257996
 1.257996
 1.258066
 1.258066
 1.258066
 1.258066
 1.258066
 1.258066
 1.258066
 1.258066
 1.258002
 1.258002
 1.258002
 1.258002
 1.258002
 1.258002
 1.258002
 1.258002
 1.258091
 1.258091
 1.258091
 1.258091
 1.258091
 1.258091
 1.258091
 1.258091
 1.258016
 1.258016
 1.258016
 1.258016
 1.258016
 1.258016
 1.258016
 1.258016
 1.258025
 1.258025
 1.258025
 1.258025
 1.258025
 1.258025
 1.258025
 1.258025
 1.258039
 1.258039
 1.258039
 1.258039
 1.258039
 1.258039
 1.258039
 1.258039
 1.257978
 1.257978
 1.257978
 1.257978
 1.257978
 1.257978
 1.257978
 1.257978
 1.257954
 1.257954
 1.257954
 1.257954
 1.257954
 1.257954
 1.257954
 1.257954
 1.257926
 1.257926
 1.257926
 1.257926
 1.257926
 1.257926
 1.257926
 1.257926
 1.257886
 1.257886
 1.257886
 1.257886
 1.257886
 1.257886
 1.257886
 1.257886
 1.257729
 1.257729
 1.257729
 1.257729
 1.257729
 1.257729
 1.257729
 1.257729
 1.257656
 1.257656
 1.257656
 1.257656
 1.257656
 1.257656
 1.257656
 1.257656
 1.257662
 1.257662
 1.257662
 1.257662
 1.257662
 1.257662
 1.257662
 1.257662
 1.257638
 1.257638
 1.257638
 1.257638
 1.257638
 1.257638
 1.257638
 1.257638
 1.257652
 1.257652
 1.257652
 1.257652
 1.257652
 1.257652
 1.257652
 1.257652
 1.257705
 1.257705
 1.257705
 1.257705
 1.257705
 1.257705
 1.257705
 1.257705
 1.257717
 1.257717
 1.257717
 1.257717
 1.257717
 1.257717
 1.257717
 1.257717
 1.257776
 1.257776
 1.257776
 1.257776
 1.257776
 1.257776
 1.257776
 1.257776
 1.257793
 1.257793
 1.257793
 1.257793
 1.257793
 1.257793
 1.257793
 1.257793
 1.257847
 1.257847
 1.257847
 1.257847
 1.257847
 1.257847
 1.257847
 1.257847
 1.257873
 1.257873
 1.257873
 1.257873
 1.257873
 1.257873
 1.257873
 1.257873
 1.257928
 1.257928
 1.257928
 1.257928
 1.257928
 1.257928
 1.257928
 1.257928
 1.257931
 1.257931
 1.257931
 1.257931
 1.257931
 1.257931
 1.257931
 1.257931
 1.257843
 1.257843
 1.257843
 1.257843
 1.257843
 1.257843
 1.257843
 1.257843
 1.257830
 1.257830
 1.257830
 1.257830
 1.257830
 1.257830
 1.257830
 1.257830
 1.257820
 1.257820
 1.257820
 1.257820
 1.257820
 1.257820
 1.257820
 1.257820
 1.257889
 1.257889
 1.257889
 1.257889
 1.257889
 1.257889
 1.257889
 1.257889
 1.257935
 1.257935
 1.257935
 1.257935
 1.257935
 1.257935
 1.257935
 1.257935
 1.257995
 1.257995
 1.257995
 1.257995
 1.257995
 1.257995
 1.257995
 1.257995
 1.257987
 1.257987
 1.257987
 1.257987
 1.257987
 1.257987
